1000
1 543050
1 599175
1 208361
1 415495
1 376755
1 460416
1 413857
1 60423
1 691707
1 430219
1 632641
2 415495
1 107323
1 838037
1 676499
1 602133
1 926433
1 260553
1 510033
1 957395
1 265337
1 705510
1 299181
1 127077
1 175425
2 691707
1 915417
2 543050
2 299181
1 787432
1 846618
1 579073
1 833281
2 127077
2 175425
1 146473
1 668851
1 595470
1 442663
1 187311
1 840881
1 957249
1 156505
1 935921
1 144625
1 605221
1 611841
1 171393
1 433553
1 487425
1 435619
1 430795
1 247977
1 788989
1 119729
1 254822
1 885753
1 241377
1 397385
2 833281
1 204065
1 123743
1 769193
1 466595
1 186225
1 442137
2 579073
1 891122
1 122305
1 262945
1 43505
1 829925
1 89981
1 838371
1 542597
1 972561
2 156505
1 567117
1 538881
1 183611
1 609985
1 193622
1 406225
1 575873
1 533606
1 260025
1 275767
1 201253
1 799155
1 480321
1 252724
2 123743
1 410637
1 326884
1 258593
1 502310
1 712817
1 521162
1 350929
1 793747
2 676499
1 291673
1 245337
1 146793
2 204065
2 846618
1 524801
1 210773
1 60387
1 556043
1 775517
2 510033
2 668851
1 627047
1 26285
1 216065
2 599175
1 977041
2 433553
1 443965
1 777153
1 563263
1 206721
1 146389
1 828905
1 784221
1 88897
1 427553
1 873809
1 892645
1 171839
1 796698
1 807409
1 383889
1 250613
1 989945
1 721041
1 359889
1 858601
1 623629
1 762673
1 829599
1 945387
1 175281
1 424397
1 419241
1 548913
1 487045
1 16809
1 265758
2 838371
1 786761
1 360955
1 683385
1 538551
1 117601
1 462581
1 345185
1 347089
1 883549
1 642227
2 424397
1 407410
1 378865
1 447939
1 267565
1 955681
1 722481
1 35697
1 806549
1 783997
1 385426
1 966279
1 324673
1 501675
1 525313
2 427553
1 47919
1 923244
1 77473
1 543577
1 772565
1 836533
1 157444
1 731777
1 463603
1 189757
1 196737
1 673517
2 957395
1 358409
1 219541
1 484243
1 700433
1 241881
1 598829
1 878585
1 596281
2 883549
2 258593
1 329199
1 445639
1 248961
1 108545
1 29057
1 441889
1 470721
1 137693
1 327489
1 321801
1 378689
1 90857
1 269569
1 542596
1 498823
1 822257
2 595470
1 244653
1 122521
1 950960
1 827185
1 920589
1 508185
1 468081
1 236060
1 65393
2 146389
1 578911
1 946600
1 583959
1 31889
1 82809
1 306069
2 419241
1 578561
1 944144
1 187210
2 358409
1 700446
1 395353
1 14545
2 376755
1 171493
1 732801
1 133769
1 373481
1 983754
1 685137
1 781255
1 619801
1 461971
1 574865
1 985741
1 319932
2 822257
1 834864
1 144993
1 306917
1 477473
1 865553
2 705510
1 585057
1 935193
1 677791
1 173819
1 770529
1 787477
1 992385
2 992385
1 985461
1 825921
1 598824
1 455045
1 290675
1 712974
1 353537
1 303937
2 983754
1 597695
1 147027
1 687065
1 416889
2 260025
1 331412
1 276620
1 499577
1 239353
1 534240
1 454208
1 349665
1 982927
1 19577
1 573605
1 238277
1 935498
1 602699
1 882247
1 853365
1 622329
1 490319
1 269669
1 415972
1 289809
1 573669
1 550979
1 43239
1 337287
1 771297
1 394685
1 520853
1 848112
2 836533
1 301569
1 400545
1 618135
1 120517
1 118021
1 895205
1 915049
1 236333
1 739777
1 93965
2 137693
1 319333
1 908793
1 931761
1 660577
1 238017
2 538551
1 516097
1 713265
2 43505
1 571921
2 915049
1 670625
1 204801
2 712974
1 232154
1 221189
1 211657
1 974037
1 282001
1 827387
1 66049
1 530849
1 36099
1 588700
1 901455
1 163165
2 47919
1 870097
1 231243
1 126625
2 596281
2 347089
1 468879
1 619630
2 632641
1 466817
1 729556
1 232191
1 196977
1 790153
2 196977
1 54179
1 701783
1 22207
1 137473
1 457473
1 919333
1 7953
1 439937
2 542597
1 284759
1 677193
1 705717
1 212441
2 490319
1 609753
1 283575
1 265215
1 683729
2 466595
1 668332
1 82039
2 89981
1 610439
1 542802
1 493505
1 437217
1 494921
1 226187
1 172223
1 803177
1 462781
1 209525
1 360585
2 574865
1 666305
2 331412
1 916400
1 205231
1 370941
2 306917
2 107323
1 395040
1 701905
1 921106
1 947233
1 771105
1 376385
1 294487
1 110064
1 443673
1 498489
1 728645
1 936639
1 141125
1 272692
1 621960
1 215607
1 485788
1 376449
2 468879
2 573605
1 259209
2 668332
1 979713
1 241211
1 322491
2 787477
2 144625
1 720705
1 747461
1 767689
2 480321
1 253771
1 153236
1 910156
2 985741
1 302781
2 583959
1 700595
1 181754
2 322491
1 162841
2 619630
1 319817
1 183166
1 837793
1 392769
1 706611
1 429729
1 979807
2 598824
1 492139
1 158867
1 285735
1 496990
1 57865
1 580791
1 121897
1 782145
1 853066
2 392769
2 248961
1 460633
2 827185
1 122826
1 305346
1 831419
1 414761
1 27137
1 152865
1 317349
1 317645
2 853365
1 345389
1 524459
1 295003
1 280247
1 524385
1 550194
2 370941
1 843546
2 158867
1 478689
2 443673
1 392129
1 742939
1 960961
2 267565
1 235885
1 743407
1 418105
1 388417
2 771297
1 804751
1 854208
2 462581
2 602699
1 824865
1 244747
1 710503
2 627047
1 128705
1 858965
1 422401
1 498957
1 229205
1 512193
1 800001
1 427873
1 537777
2 575873
1 878473
2 623629
2 319333
2 701905
1 539681
1 459249
2 502310
1 335453
1 157002
1 693049
1 123037
1 979049
1 669193
1 705327
1 226319
1 566402
1 75273
1 255233
1 880395
1 397313
1 501111
1 341741
1 700465
1 125628
1 258121
1 88032
1 403718
1 493615
1 318335
1 780346
1 768881
1 461760
1 169497
1 828105
1 191545
1 293075
2 289809
1 739315
1 904601
1 102277
1 192845
1 256376
1 295257
1 743817
1 701761
2 611841
2 253771
2 498489
1 875257
1 142165
2 183166
1 51865
1 496489
1 135865
1 895195
1 959433
1 895841
2 65393
1 821225
1 587841
1 936145
1 47551
2 762673
1 255042
1 245873
2 916400
2 210773
1 290393
1 992689
1 556929
