5 30155
4 1
6 453417
4 1
6 444393
4 2
4 4
6 666806
4 7
5 457275
4 15
4 15
3 551745
5 190123
6 674773
4 20
3 766017
3 850257
3 658769
4 3
6 652095
3 311109
6 76205
6 449553
5 187415
6 896899
5 787509
6 172171
4 1
4 11
3 658769
4 8
6 358364
3 180795
6 383549
6 665177
5 554643
6 71099
6 151545
4 32
6 380337
3 783227
5 85901
6 667713
3 311109
5 85937
4 11
3 996284
6 895590
6 627766
5 369948
3 723073
6 357888
4 39
3 658769
3 180795
6 777559
4 41
6 792423
3 251521
6 564425
6 897148
5 983097
3 571257
6 668849
3 180795
3 450745
4 5
4 49
5 732941
4 22
6 435864
4 59
4 47
5 105509
6 52970
3 102962
6 784452
4 37
6 351960
3 60062
5 4826
5 153960
5 210217
5 297425
6 774119
5 775079
4 38
5 1001456
5 789403
3 432350
3 549706
3 370540
5 209663
3 273567
5 559286
5 790165
3 153609
6 263987
5 910787
4 49
6 278847
5 905457
6 198507
5 874619
3 784638
6 894679
3 25937
4 61
4 57
6 270217
5 620609
5 792852
5 361107
5 767993
3 209841
5 902597
5 212097
4 87
4 28
5 127365
3 172817
5 555406
6 287448
6 286941
6 704134
5 356905
5 638325
5 214470
6 227329
4 118
4 99
5 551589
4 35
5 668349
5 759587
5 204978
3 3711
3 432350
6 251367
4 24
6 17141
4 17
3 658769
4 61
6 504003
4 77
5 995329
3 325629
4 43
4 44
3 957648
5 555546
4 87
3 353209
4 67
6 824058
3 607521
5 22113
6 564263
3 524669
4 61
6 333597
3 974037
6 41051
3 180163
4 41
4 9
5 456669
5 755337
6 778553
5 289241
4 117
4 138
5 905713
6 681945
4 36
3 895309
6 969609
3 836817
6 376945
4 70
6 523309
5 380689
3 432350
5 238938
4 101
5 151825
4 105
6 786233
5 292327
3 986817
4 95
3 450745
5 571413
4 5
5 169455
5 228127
3 201105
5 808094
4 71
4 124
5 322297
5 459233
3 384630
6 330318
6 174930
6 965768
3 738191
5 463449
3 488169
6 740641
4 3
5 188803
6 334604
6 154505
5 920053
3 184977
5 966921
4 58
6 265351
5 377009
3 974037
4 97
5 577962
3 638121
6 220271
4 78
5 945253
4 80
6 100185
4 73
5 346046
4 18
4 85
5 21261
6 449529
4 82
4 151
3 544469
4 60
3 350405
3 58121
5 152125
5 74465
3 58121
5 500281
4 62
5 697958
3 12801
3 102962
4 49
4 188
3 343661
5 274479
3 229441
6 256789
4 38
3 577003
6 969439
5 993873
6 493074
3 639711
4 121
4 207
6 460167
6 342517
3 770643
6 153170
5 23021
3 212007
3 899873
5 853475
6 990973
6 482149
6 772582
6 738841
6 637603
6 318409
6 141896
6 889649
4 40
4 44
5 635578
5 962669
3 325893
6 -29
4 129
3 172817
3 845145
5 406312
6 763075
3 147809
6 744472
6 343518
3 539039
5 869103
6 284113
3 709203
5 500769
5 687945
4 189
3 941681
5 709174
5 920733
6 657298
4 165
4 23
4 9
4 237
6 176270
4 42
5 572177
6 808623
4 258
6 80991
4 136
4 197
4 107
5 83313
4 126
6 266083
3 431881
5 12032
4 161
3 861985
4 226
3 635956
6 372654
3 834705
5 459455
5 853113
5 931969
4 43
3 871809
4 263
6 430946
3 834705
3 878197
5 524801
3 185357
5 842117
3 224991
3 272929
6 572449
6 829569
6 327341
6 184743
3 83385
5 538597
5 915955
4 233
6 660443
6 171379
6 217569
3 209841
3 593985
4 258
5 579855
6 338310
5 426723
5 475847
6 828113
5 98427
6 362988
6 319749
3 212007
4 141
4 109
5 293300
5 982885
3 397651
6 629399
3 178555
5 356397
5 727085
6 201392
5 22150
4 135
6 -1359
5 843705
4 113
5 736331
6 274339
4 335
5 87739
4 305
5 28645
5 783191
3 718106
6 866629
3 350405
5 649247
5 754505
6 163871
5 667557
3 72773
4 312
3 86405
6 517573
6 66405
4 307
3 574785
5 101187
3 737602
5 931885
4 124
4 227
4 312
4 280
6 801764
3 509130
6 368640
3 83385
4 1
5 328789
4 21
5 850597
3 665321
6 298679
6 553485
5 443912
5 28193
6 107529
6 220733
6 834193
4 101
3 26999
4 182
3 881457
4 343
4 343
5 496346
5 613663
6 537400
6 613960
6 713266
6 250057
4 61
5 936647
3 303852
5 957496
6 365941
3 735785
4 376
4 59
3 492901
6 59121
6 443058
5 775563
4 299
4 89
4 175
6 181511
6 -3553
5 598535
3 303852
4 279
4 118
5 740667
3 83234
5 508345
5 180831
6 298772
5 47329
5 689811
5 210625
4 288
5 121425
5 786766
3 81473
5 36879
4 3
5 317577
4 5
4 150
3 635406
5 453171
4 321
4 319
4 273
3 864447
4 354
6 536981
3 233057
3 954225
6 453193
5 548545
6 11889
4 183
6 895407
3 665321
3 304001
3 91073
6 183433
5 901181
6 759067
6 430461
5 621683
6 568729
3 209841
5 732305
6 343021
3 419033
4 392
3 764221
3 375861
5 392741
5 238029
5 439031
6 626748
4 453
5 20009
4 359
4 85
3 83234
3 527745
4 301
6 82661
6 280673
6 504185
6 904827
3 658769
3 603553
3 522769
5 757985
3 285377
3 648709
6 179351
4 24
6 720287
4 413
5 851809
3 175035
3 735785
4 197
6 749413
5 588797
4 501
6 957735
5 861917
6 749643
4 149
3 868159
3 643484
6 176638
3 360709
6 337937
3 621457
3 933473
5 830483
3 915809
4 168
3 756417
4 40
4 73
3 903041
6 515223
5 20979
3 560139
3 510201
6 546131
6 575293
6 739861
5 78797
5 443927
4 241
4 243
6 493677
4 19
4 449
6 422509
5 947522
6 83161
5 250271
4 366
6 299852
6 244886
6 796687
6 424142
6 905273
3 102041
3 746041
3 723073
5 901071
5 480977
6 185946
4 529
5 591535
5 22049
6 940824
3 900029
4 145
4 201
6 193525
4 175
6 569053
6 735493
5 860677
6 168108
3 262749
6 756005
4 167
6 179371
3 474865
3 845145
6 8585
3 845249
4 163
3 243018
6 317705
4 553
4 133
4 179
3 819271
5 451519
5 471739
5 991829
6 519151
4 262
3 427815
5 358833
6 318505
3 189955
6 150793
4 475
4 603
4 464
6 350714
6 564366
3 91073
6 899231
4 103
4 177
3 710445
3 539177
5 551269
6 583155
3 345119
6 949633
5 363358
3 652817
5 181438
3 245605
3 718709
5 839161
6 844707
6 461877
6 81736
5 451702
4 164
6 931357
4 347
3 490141
6 827245
4 461
6 260711
4 13
5 241841
5 87221
3 93729
6 378038
3 111081
5 369065
6 155807
6 602905
5 990614
5 251087
3 81905
3 900147
4 421
4 19
4 171
4 580
4 527
6 620170
5 422897
4 129
3 188153
4 609
3 336045
5 180847
3 818177
5 507979
6 419869
3 196857
3 602967
5 866613
4 567
5 27893
6 555968
5 709493
5 421017
3 271175
3 903798
4 504
5 796177
5 722353
6 665093
5 723729
4 329
3 233057
5 899751
3 756045
3 18993
4 309
5 713693
5 379120
5 759586
5 508009
4 149
3 899873
3 186313
3 438653
6 340877
5 246570
6 135521
4 275
5 916041
6 751866
6 209487
3 665321
3 754753
3 436580
6 447384
5 208944
4 467
5 674633
6 786041
4 486
5 583702
3 341217
6 564889
6 763751
5 490761
4 603
6 903419
4 186
5 871915
5 490901
4 326
5 412869
3 901913
6 598104
4 281
4 737
5 51407
4 119
4 135
5 774471
3 698483
6 574782
3 524091
3 927289
4 165
4 251
3 343317
3 610113
4 33
6 746835
5 843789
4 175
6 480851
5 92899
5 72337
6 955164
3 8693
4 191
4 209
6 443330
3 787025
5 472935
6 863134
5 171204
4 542
6 286092
6 681095
5 824788
5 549797
4 25
5 813230
4 257
4 519
3 757321
6 542671
5 116127
6 806343
3 75649
4 742
3 755089
3 158745
5 714785
6 444230
3 725231
6 594877
5 727072
4 407
6 365217
6 172099
6 810180
4 476
5 552809
3 927289
6 571207
4 579
5 176499
6 800445
3 925697
6 120877
4 119
5 165133
4 333
5 114559
6 773476
6 817957
5 99479
4 697
5 381074
5 467871
4 349
5 126055
4 417
3 788627
5 831945
6 557621
3 243177
6 13007
6 285875
3 930905
5 832657
3 913348
4 209
5 962025
5 387869
6 887485
5 309628
3 638121
5 83493
4 136
4 199
3 825514
3 930825
4 665
6 116567
4 161
4 446
3 811569
4 97
6 446337
3 541575
4 573
3 315267
3 943745
3 102041
5 197371
6 173881
6 554755
4 371
6 719395
4 145
5 510009
3 448101
3 160445
4 235
5 323117
4 546
4 619
5 955463
4 61
3 714111
3 834705
5 553969
5 740212
5 778263
3 339857
6 279720
6 307538
4 38
4 46
6 272185
4 105
3 734937
4 279
3 320517
5 230453
3 743745
4 374
3 461119
3 758285
4 433
6 781479
4 32
6 269417
4 485
4 119
4 449
4 55
3 114401
5 601231
5 938791
6 638864
4 599
5 189594
6 246837
3 324231
4 211
3 188153
3 232733
3 35341
3 248339
4 607
3 17687
3 196673
3 895665
5 151041
4 419
6 784837
4 485
6 811045
3 737541
6 641418
4 737
3 663145
4 905
4 289
5 695833
6 788049
5 450163
3 793169
4 406
4 665
3 645330
5 279729
5 74991
4 50
5 193483
5 306941
4 811
3 285305
3 641870
4 870
6 447077
6 169222
4 313
3 841421
6 772081
6 424751
3 824871
4 144
6 736233
4 897
5 612889
3 983169
4 117
4 921
6 900747
3 663125
4 516
3 834705
4 517
5 68011
3 486869
5 342049
3 158369
5 575942
4 847
6 465327
4 159
3 439883
3 54977
3 465833
3 343317
6 436192
3 756417
4 69
6 13937
5 279403
4 81
5 739489
4 357
4 281
5 519572
6 424607
3 690153
4 241
6 643105
6 918513
4 327
3 469175
5 733651
6 125717
5 97145
3 265011
4 101
5 641817
5 164733
4 203
5 748933
6 684787
3 72793
4 973
6 378973
4 871
6 243989
4 863
4 252
3 504873
3 805169
6 895270
5 89068
4 483
5 384687
3 168703
6 567161
5 519885
6 67057
4 138
3 678193
3 590337
4 897
5 969145
3 872089
6 536849
5 593713
5 990883
5 579341
3 197377
6 364067
3 209841
5 909715
3 482497
3 617593
4 153
3 961931
4 876
4 432
4 114
5 910067
6 51056
3 571941
6 778683
6 412434
6 971079
4 818
3 118113
5 375273
5 848099
5 800305
4 453
3 960697
4 225
4 200
4 739
6 907247
3 942193
3 421298
3 927289
6 352411
4 439
6 905186
5 841746
3 823681
5 225876
5 304941
5 444113
6 705233
3 859141
3 258249
6 48334
5 829341
6 864961
6 715579
4 1035
3 399376
4 696
6 333094
5 303917
6 532169
6 639989
4 67
4 385
6 564793
5 534384
3 531089
4 821
6 166075
5 645825
6 59843
5 399528
5 253027
3 821039
5 689692
4 216
3 787025
4 140
5 44392
3 384699
4 825
4 945
6 474449
5 49857
3 558542
3 128581
5 709763
4 289
6 963601
5 333049
3 666125
3 372841
6 135329
6 110077
3 672997
6 762372
3 684665
6 747637
5 633543
3 893185
3 358233
5 714945
4 1091
3 506965
6 392540
6 358489
3 573633
3 606348
6 794177
3 771361
6 630511
4 549
6 634665
5 568921
3 558542
3 247290
6 122030
5 349641
4 575
3 782551
4 815
3 372841
5 126288
4 586
3 872089
6 226013
5 208010
3 302165
3 122873
4 793
5 201127
4 318
5 895079
6 896758
6 372621
3 766017
4 323
5 375155
6 422217
4 689
3 341217
6 516055
6 65367
3 285305
6 44540
5 647873
4 553
6 535413
5 266967
3 662040
4 851
6 285923
5 582719
4 566
4 124
3 606547
3 76833
6 448473
6 840957
3 743745
3 889151
5 202155
5 937969
3 841421
6 822097
3 175035
5 345405
5 393842
4 601
4 1033
4 1176
3 623934
3 570113
6 614146
3 984901
3 17687
5 307637
3 453201
6 318697
3 312161
4 750
5 928913
3 900523
5 329797
4 595
6 100543
3 60111
4 497
3 808911
5 443269
3 655977
6 285162
6 554319
3 93729
5 543553
5 176335
3 67969
3 312161
5 57351
5 149387
3 338557
4 50
4 802
4 137
4 1198
6 408203
6 657884
3 128931
5 380379
5 822047
3 605409
4 599
5 936443
4 1025
4 576
6 216197
5 614405
6 813857
4 273
6 388339
6 476609
5 666345
4 1083
3 12801
3 25937
3 757253
4 1012
4 351
4 477
6 897665
4 584
3 262721
6 720953
4 215
5 389164
4 527
5 638717
5 530001
3 599393
3 282814
4 689
6 887769
3 790765
5 330841
5 734993
3 692865
3 358233
5 413586
4 198
5 878512
3 757253
5 987491
5 411379
5 80269
5 188392
3 212007
3 200451
3 108993
6 882585
3 663145
3 533697
3 712289
3 927057
3 785197
4 809
6 481025
3 877797
6 500755
4 781
6 286073
3 588127
4 153
5 797926
3 157346
4 939
5 894065
6 143249
6 392315
6 113847
4 747
6 33934
3 129825
5 76897
3 561237
3 268373
4 974
3 784638
6 469351
4 591
6 152495
4 253
6 103411
5 800792
4 783
5 287109
5 23271
3 97915
6 482329
4 691
5 612201
5 820761
3 818973
6 666605
4 935
5 150713
3 859141
5 653305
5 245322
6 321929
4 292
4 905
3 609713
3 520489
4 643
4 42
6 784001
4 691
6 672831
5 398519
6 257355
3 268903
4 413
6 534665
6 742500
4 238
5 153254
5 351533
4 1305
5 62243
5 162659
3 395053
5 976641
3 204927
5 572095
6 440969
3 18097
4 801
6 606353
6 887537
4 295
5 961041
4 689
3 212353
4 1015
4 464
4 1077
4 320
5 437604
5 934511
6 298344
5 42840
4 1013
6 459561
5 935601
4 637
3 817433
4 441
5 691361
5 385309
5 249350
4 492
5 438277
5 529343
5 872998
4 349
3 974739
6 161001
5 89883
4 39
5 847992
6 470289
6 579053
4 1105
4 861
4 221
3 446977
6 425631
5 919535
6 732721
5 564371
3 109165
6 185125
5 639985
6 69009
4 845
3 57876
3 301885
6 707005
6 441491
4 1299
3 711297
3 338557
4 1028
4 625
6 652223
6 438405
6 398519
6 612761
5 54069
5 9267
4 127
4 534
6 826395
6 989693
6 927761
6 984204
5 971841
5 383692
5 555995
4 1315
5 629369
5 925855
5 109445
4 169
3 491937
3 338557
3 119493
3 317505
3 247844
3 82705
4 33
4 205
5 317329
5 535525
5 715721
5 698759
6 498683
4 515
4 1258
4 345
6 319877
3 949945
4 101
3 245605
6 451363
4 1037
5 73301
6 313749
4 100
4 306
5 58148
6 600012
6 41705
4 1414
4 1269
4 27
3 565885
4 837
3 392005
5 291137
4 335
6 553763
6 633929
3 183691
4 829
3 853677
3 592751
5 901301
6 589971
6 389441
6 724991
5 217271
4 1329
4 395
3 836581
3 300673
4 137
6 516975
4 841
5 308602
6 601373
3 290361
4 870
6 248895
6 399223
5 621372
4 255
4 491
4 1498
5 614815
3 809489
5 398732
6 529729
4 1152
6 320609
6 237937
5 647526
6 140021
3 397567
5 619872
4 1488
3 258249
3 421298
3 511085
3 603875
6 178854
5 502201
3 618641
6 955516
4 904
3 621457
6 697441
5 25135
5 839225
4 1025
5 603393
3 894113
3 643735
3 380088
4 1281
6 961012
6 525328
3 687933
5 938171
6 701861
5 909180
4 1502
4 342
5 550514
5 784769
6 345966
5 587369
6 338749
4 619
3 970709
3 336765
5 280741
6 136051
5 788118
6 297129
4 1212
3 890377
4 1045
3 538861
4 330
5 433879
3 168273
5 626378
5 99074
5 872143
4 336
5 406479
5 56243
6 380271
3 345119
4 1007
4 1114
3 82705
6 160193
5 272623
3 439041
6 554671
5 114160
3 699245
4 348
4 761
4 1227
4 1249
5 365969
3 25937
3 691505
3 212007
4 154
4 1152
6 977581
6 425570
6 955930
3 196857
4 1360
4 293
4 1353
6 417231
3 399376
3 907873
5 846531
4 340
4 1236
3 903798
5 854777
5 570094
3 301039
3 983633
5 155409
6 700924
4 757
5 626957
5 21426
6 733299
4 627
6 609557
6 198299
4 289
6 75771
3 36920
4 131
4 1505
6 824497
6 519393
3 191249
5 294669
4 289
5 425538
5 43497
5 510219
4 129
3 129729
5 300597
4 330
6 531569
6 457751
5 953379
6 404215
6 610923
3 461119
5 724700
4 13
4 519
3 987057
5 861713
5 933381
4 1465
3 587769
4 1129
6 839189
4 163
4 1593
6 235581
6 745185
3 645189
5 862547
3 63909
3 185067
4 29
3 185653
5 590675
3 523605
3 615969
4 1085
5 105982
6 726373
4 438
5 184449
6 611979
6 113641
6 262079
3 893185
6 77385
4 1070
6 8309
5 533881
4 78
5 788387
5 431231
6 61117
5 173331
5 452705
5 255287
5 840985
5 961076
6 526933
3 206355
6 174421
5 82265
5 344757
6 198429
5 553313
6 873877
5 343177
3 819271
5 723073
5 530453
3 315529
3 295425
3 833857
6 49160
6 622717
5 498249
3 794309
6 726420
4 471
3 835539
6 93999
3 79297
4 968
6 928541
5 450905
4 991
5 935409
3 519715
5 456295
6 347551
3 382345
4 1471
6 617978
6 12097
3 186177
5 603769
5 510145
5 155365
4 471
6 631361
6 106047
4 1713
4 1565
5 556357
6 750883
3 524091
3 336625
3 423883
4 764
4 630
3 230465
3 836741
4 1517
4 1385
6 565568
6 411465
5 1002937
5 623629
6 595314
3 913373
5 110973
5 43176
4 592
3 721785
4 1501
3 567977
5 813141
4 235
6 885657
3 900785
5 790661
6 825561
6 193550
6 434619
3 763521
6 206969
3 263045
6 542112
3 708287
6 267529
4 1465
3 403580
4 1249
6 309825
5 298937
5 800483
6 173777
5 939165
4 1513
5 914413
4 950
3 285305
3 73825
5 896133
5 574409
3 628977
4 258
5 924017
3 537217
3 642821
3 400585
5 898181
5 34953
5 387057
3 455153
6 516189
6 137937
3 35341
5 712761
5 948539
3 271429
5 193619
5 872843
4 317
3 25937
6 906140
4 1755
3 206244
3 230829
5 38534
4 689
3 274940
5 385018
6 557131
4 1590
6 543849
6 990489
5 911223
4 215
3 448101
5 486555
6 -7611
5 941083
4 971
6 319971
4 196
4 431
3 335925
3 896809
5 644639
6 340793
6 36731
4 129
3 60111
6 542873
4 1444
3 122049
4 1517
6 155527
3 997521
4 942
3 858307
6 523799
3 689017
3 338727
6 850498
5 464319
5 188699
5 629031
3 850473
4 297
5 580083
6 852059
6 184269
4 873
5 388457
3 244317
3 895593
4 1251
3 925339
6 810269
6 450917
5 843185
5 915995
6 563748
6 11917
3 489009
6 454151
3 599165
4 119
5 615676
4 902
6 871805
5 107143
3 722961
5 566065
3 638121
5 55069
3 586721
4 1587
5 548950
5 572085
3 824705
6 419823
5 346259
5 795739
3 569081
5 985887
5 148999
6 127895
3 169573
5 860511
6 365944
6 972331
4 509
6 498193
6 138253
3 243133
4 1416
5 876011
3 568341
5 147835
6 130267
6 555757
6 119467
3 649329
5 418241
6 850275
5 513568
6 767015
6 172943
5 166593
6 479635
6 573777
6 538761
6 648875
3 507497
6 295217
3 371913
4 807
4 1513
5 163141
3 74828
4 586
4 658
6 480167
6 138905
3 703461
4 1223
3 382397
3 357995
3 262377
5 231501
3 623934
4 301
3 401253
5 570137
6 764929
3 102962
3 824871
4 1727
5 475246
5 626950
6 858501
3 289445
6 839537
3 490141
4 1634
3 122049
5 562287
5 893404
3 702841
4 1875
3 845145
5 144545
3 448561
5 268353
4 1109
4 1604
4 885
5 141057
5 678309
3 783495
5 872125
5 175281
6 762501
3 212865
6 63839
6 907201
3 888513
6 321368
3 823169
5 962179
5 949771
6 980771
4 1269
4 1042
6 58337
6 829837
4 273
3 243133
4 1030
4 218
6 678862
6 197699
4 1579
6 44937
4 1045
4 1465
3 670461
4 144
5 878321
3 43601
4 1591
6 493993
4 1761
5 225555
6 881633
3 384630
6 828205
3 230829
6 154915
6 521815
4 959
5 797209
3 145151
3 158720
3 352417
6 253879
3 718465
5 251279
6 25829
6 147105
3 209033
6 557895
3 707653
5 732965
6 15058
6 520311
6 595753
4 911
6 898181
3 839809
5 306869
3 781921
5 185453
4 829
3 737265
4 1421
4 309
5 643224
6 861334
5 913593
4 1614
5 841843
5 683863
6 921368
4 1955
3 841421
6 903076
4 1352
3 392677
3 643735
4 905
4 1385
6 830369
6 512435
6 81999
5 438940
4 631
6 800205
5 666177
3 442817
4 1371
3 615041
5 338528
5 643193
6 433252
3 305677
6 916355
5 842901
3 643409
4 1828
4 1997
3 158561
3 769460
4 1375
4 1740
3 108109
6 906698
3 912385
6 751551
3 862397
5 610641
4 1427
3 346619
3 493273
5 246185
5 834841
6 391225
3 894113
3 751747
6 27181
5 414116
3 158239
3 184277
3 726796
5 272601
3 947891
6 828367
6 156605
4 1147
6 838413
4 2065
3 468273
4 1913
6 181190
3 132833
6 793567
3 158720
5 591226
4 641
5 128293
5 825008
4 135
6 551691
3 345461
5 774597
6 839931
5 196160
6 288739
4 1856
5 184185
3 721785
6 775291
4 279
4 725
6 220026
5 971585
6 804553
5 989581
6 517465
5 346817
3 1
3 231881
5 571889
5 70165
6 -9531
6 317585
5 575883
4 1603
4 739
5 360964
5 566693
4 1173
4 1441
5 77300
5 496969
6 629983
5 906785
6 165673
6 505953
3 141081
3 874677
6 265705
5 837077
6 470117
4 753
4 1101
4 1729
5 139261
6 185165
3 629951
6 498023
5 129921
3 535593
4 234
5 618276
6 58233
4 483
3 981103
3 274940
4 1375
3 186313
4 1967
6 574580
5 717921
5 329917
6 184357
3 794633
4 617
4 1729
4 897
6 980535
6 423453
4 372
5 933501
5 994471
5 651727
4 1065
3 232969
6 727969
5 488951
6 381873
3 388833
6 608287
5 592209
6 926529
5 105021
5 10741
5 151513
4 510
6 763235
3 817137
5 986285
3 126638
4 273
5 193529
6 292615
6 139641
6 373937
6 737632
4 1999
4 478
3 641918
6 595299
6 553163
3 17687
3 328129
3 599149
6 105569
4 820
5 907013
5 572681
3 434887
3 436580
3 392677
5 96932
6 201865
4 1209
4 743
3 617593
4 412
5 610769
4 37
6 517661
6 778449
6 349361
4 11
3 290361
5 931735
5 384001
5 461473
3 918654
4 1982
4 1298
3 511085
4 1378
6 282301
5 238533
4 2200
4 1668
4 1310
3 292553
5 623601
3 220840
3 158561
6 157425
6 979253
6 869591
6 298944
5 974275
3 259449
4 1379
6 291996
5 312740
5 130133
3 634053
4 1838
4 1062
6 391281
6 152631
3 825921
3 136951
4 1941
6 376929
3 108109
5 220991
3 718465
5 65545
3 620993
6 176750
5 514101
6 259502
4 1013
5 892205
3 334395
4 1816
4 325
3 162353
6 390131
3 544841
5 298215
6 660557
6 859636
5 730365
6 530611
5 460561
4 1535
4 573
4 1902
4 1205
6 703472
5 863585
5 114309
5 204791
5 746393
6 200317
4 907
3 462229
5 464659
5 252073
4 473
5 245505
6 344287
5 633742
4 900
3 526337
5 192817
5 515285
5 781739
3 788627
4 2193
3 480227
3 844631
4 2109
3 198241
4 639
6 466213
6 229377
3 403580
4 1929
6 288785
3 129729
3 874945
3 685991
5 88899
5 869457
5 93057
6 434233
3 235861
6 550614
4 1469
5 339105
5 940125
6 784047
5 587834
4 2287
5 959445
4 1498
3 990097
3 401349
4 2266
4 1535
5 321008
4 2273
6 797213
6 253017
6 573675
6 931695
3 854337
4 1617
4 121
3 534401
3 394453
5 889531
4 114
6 401168
4 1861
4 1721
3 399703
5 837695
6 295663
4 128
4 2065
5 288147
6 538801
3 560139
5 492315
4 797
3 488449
6 283545
4 2283
6 603947
5 800281
6 810179
6 913693
5 207426
6 501689
4 517
4 2231
5 780966
6 554332
5 626353
3 225185
3 966777
4 1859
3 109203
3 741937
5 351585
6 -5518
3 72073
6 340019
3 670461
3 845891
5 558281
3 540293
3 756677
5 277017
6 770401
3 837437
3 923437
3 800105
6 964757
5 205498
4 504
5 707357
6 301465
6 576739
5 874923
6 819783
4 21
6 306077
5 881552
5 763949
3 244317
3 345119
6 649153
4 1065
3 836545
3 108109
3 158239
3 721785
3 285625
3 478753
3 507465
6 874417
6 802885
3 398947
5 700885
5 391226
6 344576
3 230209
5 710689
4 1865
4 2113
6 872627
3 558737
5 724635
4 730
4 829
5 581375
6 449457
3 940073
4 2223
5 991653
6 969307
5 705281
3 228909
5 829507
3 139585
4 2215
4 777
5 781251
4 562
6 194481
4 1713
5 785701
6 468105
5 399563
5 545658
4 849
3 585138
3 836741
5 966774
6 327624
6 211585
3 379014
3 911237
5 148271
3 965816
3 439041
6 662450
5 823489
4 925
4 1682
3 843649
4 1223
3 821303
3 804552
4 1776
3 28223
6 266685
3 793529
6 352394
5 989313
5 117001
4 1930
4 1422
5 666185
4 2194
3 492017
5 359480
6 907355
4 1252
6 607372
4 1441
3 519473
3 621761
6 628595
4 1654
5 288036
4 2292
4 870
3 523997
6 346501
3 990097
6 517289
3 744353
6 431561
4 2017
4 1259
6 872193
6 387369
5 762069
3 863233
6 68125
4 1575
6 671235
6 835941
5 893669
5 466297
5 843619
6 718175
3 997521
4 929
6 51988
5 469909
6 726405
6 325501
6 639795
3 204505
5 920919
5 853297
3 349877
4 308
6 612134
3 468471
5 961189
4 2117
4 1367
3 662040
6 394237
5 45113
3 471237
3 615041
3 785591
5 208957
3 341049
6 44293
4 1081
4 2313
5 11853
6 664433
4 189
5 225713
3 926225
3 212007
4 2323
6 336751
5 136587
4 902
3 182769
4 1690
4 44
5 732717
4 1218
6 986475
3 650729
6 692130
6 759155
6 185554
4 2528
5 214167
3 568341
3 371913
5 934987
4 943
4 1204
3 290361
4 1561
3 921655
6 617385
5 774483
4 793
5 153457
5 66844
4 1248
6 42570
4 2253
5 565329
3 108641
3 355631
5 820429
6 308832
3 399089
6 25218
3 528289
6 490657
4 2067
5 979497
5 469449
6 879985
6 414289
5 138177
6 804465
5 587020
5 985821
4 2217
4 1918
4 165
3 540521
4 257
3 611649
3 837697
3 397567
4 1489
3 159989
5 343731
5 587241
3 912281
6 42491
6 82333
3 764889
3 426747
6 245579
4 661
3 732993
4 1277
4 1115
6 635980
4 499
4 2315
5 600510
3 506744
5 363147
6 426785
4 605
6 468249
4 1539
3 301117
5 644431
6 163247
3 359713
4 1465
5 286289
6 743755
5 139689
3 74785
4 1385
4 2512
5 898015
3 832021
3 964961
5 446199
3 350561
6 106945
6 153131
4 1065
6 106899
5 207557
5 388553
6 703797
5 732299
6 509179
3 260481
5 218315
5 772204
4 841
5 938717
5 868905
3 440242
5 394749
5 168601
4 900
6 239871
5 501855
4 221
6 576084
4 2577
5 879999
6 611785
3 321507
4 2357
4 2275
6 678211
4 297
6 56425
3 641870
3 602393
5 538537
3 142329
6 292025
3 50705
4 316
6 594479
3 537733
4 2537
3 136283
4 787
6 170563
3 246465
5 467645
6 298735
6 797579
5 464857
3 316471
4 705
3 569081
5 824933
4 2249
6 394297
5 124209
3 65913
6 83983
6 131143
6 808793
3 536553
4 1195
6 609493
5 526385
3 577003
5 651334
3 668033
3 925553
5 761581
5 904023
3 402421
3 301039
3 157953
3 423883
6 925568
5 612566
4 375
4 1843
5 789320
6 665914
6 569817
5 891721
6 196062
6 326552
4 2498
3 262721
5 964629
4 1793
6 488581
3 457742
5 162587
4 1791
3 623934
5 772827
3 337729
6 966713
6 74127
3 397651
3 624295
4 476
5 502317
4 196
3 336833
5 942921
4 809
6 511673
4 147
3 358217
3 374209
3 135485
4 2659
4 2111
4 1093
6 624017
3 778953
5 911811
4 1090
6 64289
4 453
6 452663
5 570374
3 96641
4 977
4 493
5 667947
6 749140
5 326283
4 947
6 286171
3 216475
3 371913
4 2289
3 512609
6 918266
3 927289
5 643505
5 62437
4 465
3 216269
4 2713
4 37
5 553645
5 111203
5 87514
3 215257
5 144025
3 648709
4 317
6 377001
6 264722
3 824051
4 66
6 225487
6 706657
5 843073
3 585597
3 925976
4 1532
5 310977
3 90100
6 101959
3 30025
3 629685
4 1816
3 916177
3 297161
3 144215
5 131720
4 1339
3 638121
6 38429
4 1645
3 73217
5 833323
3 81361
3 450369
6 604476
5 48001
5 569429
5 215865
5 370487
6 123249
5 936813
6 737925
4 1561
4 1137
4 1237
5 506971
6 277107
5 111380
3 743745
6 672301
3 832021
4 2671
4 281
5 933700
4 661
4 1441
3 163105
3 812959
5 613966
5 481965
4 1553
3 544841
5 273650
5 856574
5 860225
3 216919
3 384630
3 383817
3 263045
5 913525
3 689017
6 985981
4 797
4 1658
6 131933
4 2678
4 1807
3 404929
3 636041
6 129173
3 853677
6 673371
3 486873
6 98969
5 969483
3 383687
4 2181
4 2291
4 1961
4 681
3 935073
3 378084
4 2305
4 1614
4 289
3 142385
6 248743
6 458199
4 2369
3 423621
3 789277
3 496787
4 301
3 119393
3 830529
5 733909
4 1033
4 258
3 959257
4 2100
5 259323
4 1849
5 610168
4 937
5 103337
4 1835
5 950832
5 787680
5 776629
4 448
4 2456
6 357350
6 427236
6 596877
4 398
6 804539
4 877
6 271313
5 415805
5 884261
4 1813
5 236029
4 185
5 321958
4 1365
5 90217
3 211809
4 1928
6 583210
4 223
6 141405
5 861100
4 1585
5 689957
5 792801
4 1639
4 1983
4 1385
3 569081
4 1153
4 1585
4 819
3 1633
6 677786
6 940562
3 942337
3 744587
5 745709
3 863553
6 283821
5 655057
3 499261
5 82641
3 513009
6 88165
4 2496
3 13185
5 209625
5 122329
4 1477
5 960300
4 2392
6 173256
6 815717
5 155841
6 787555
6 913463
3 441153
4 763
4 1857
3 914497
4 560
6 738089
3 295425
6 809621
4 337
3 874457
3 662320
3 990654
3 256001
4 2614
5 675638
6 826595
6 137069
6 126568
4 805
5 595579
3 13889
3 736915
5 932332
5 618321
6 369097
5 927817
5 70029
6 690616
6 169826
4 2379
3 110391
5 225513
4 2451
5 704961
6 830495
6 404513
3 62753
4 1141
5 402753
3 165785
5 803435
4 2449
6 806081
3 550593
5 477261
6 443156
4 15
5 973289
6 249423
6 951919
3 745617
4 405
3 898964
4 1086
3 205729
6 400301
3 315445
4 957
6 260633
6 854565
4 2832
5 618829
4 1337
5 137084
5 566217
5 385123
3 470937
3 295761
5 852549
3 461075
5 719485
6 895261
3 538172
6 82321
5 631143
5 619361
3 406859
4 29
4 1811
5 20929
5 47803
4 2995
6 447914
6 18437
3 338557
6 800952
3 80638
5 803057
4 3017
5 124361
5 393282
3 479193
4 292
5 28615
6 693986
5 43475
4 2641
6 408941
5 975103
5 395645
6 980619
5 82235
4 1192
5 561065
5 968614
6 418493
4 89
6 856371
5 737235
5 779412
4 156
5 107475
4 2951
3 859917
3 212999
6 871449
4 2470
3 817156
3 59601
4 149
4 1512
6 151338
4 800
6 868918
5 632332
6 917783
5 632201
5 884686
4 1769
4 2075
6 106223
6 718497
3 66361
5 435145
4 784
5 350461
5 220487
4 2223
5 107997
5 508421
3 826433
5 687553
4 2290
3 518871
3 471193
5 402628
6 686879
4 1731
6 388089
6 627665
5 937053
5 887417
5 679777
4 130
3 413745
3 679357
3 960697
4 2006
4 2012
5 79901
6 132331
6 153601
5 875395
6 683403
5 84449
3 393985
6 331941
6 791155
6 319361
4 210
4 2505
5 989539
6 773927
6 867079
6 50671
6 134251
4 876
5 993157
3 854449
6 835307
4 2046
6 884683
3 707777
3 292257
3 718937
5 350411
6 577069
4 2932
5 367719
5 965358
5 218581
3 259449
6 102489
4 2224
4 2321
5 602832
3 119761
3 457742
4 2414
4 1125
5 224027
3 732993
3 141845
3 25905
6 918501
4 1985
5 818043
6 164903
6 986277
3 264585
4 1497
4 1224
3 831563
5 650504
3 311105
6 341169
5 817811
5 231857
5 803081
4 3025
5 890197
3 317505
5 745507
4 421
4 3050
5 3247
4 2127
3 518037
3 179721
3 650729
3 692865
5 276649
5 625371
4 2204
4 3107
6 918454
3 9
5 168783
3 599393
6 926805
3 455153
4 987
3 954371
5 343169
5 402996
6 161609
6 549843
3 906056
4 999
4 1886
4 3045
5 742872
5 686351
4 1331
5 296785
4 2038
5 160169
6 978969
3 418170
4 1319
6 561833
3 262721
6 802805
6 335389
6 29427
5 511181
5 108591
3 295761
6 918953
5 404237
3 92547
4 3027
3 557665
3 28223
4 1433
3 631609
3 147009
5 52548
6 817575
5 98057
6 405655
3 673415
5 818122
3 612877
6 962322
5 672026
4 870
6 541569
6 642106
5 911681
4 2923
3 663047
4 1517
5 403617
4 673
5 54943
6 173989
4 238
6 836295
3 57876
3 230829
3 232969
4 1679
6 200273
5 501626
3 702045
5 412211
5 23941
5 272175
3 301039
5 346157
3 326291
3 371913
5 645918
5 178707
3 547315
4 1880
3 686829
3 717088
3 147305
4 1449
5 221303
6 500641
3 147305
5 269217
4 1585
6 329497
3 35425
5 273949
3 322401
4 3103
6 44266
3 443203
4 457
6 641889
6 84109
5 519047
3 611357
5 699352
6 145315
6 62181
5 654373
5 304257
4 2001
6 811609
6 871717
6 564913
4 725
6 991253
5 580618
6 267075
6 809357
3 716033
3 52929
3 265011
4 1625
6 76999
3 640497
5 263059
4 2197
4 1449
4 2413
5 260073
6 541415
4 433
6 180321
3 938113
3 392529
6 500185
5 589113
6 184672
4 3329
3 47133
4 2333
5 988100
5 909509
5 27069
6 159409
3 892553
5 65041
6 788001
3 595169
6 447262
5 753545
5 687355
4 1721
5 798472
3 124429
4 1903
6 316283
4 779
5 440611
4 2698
4 3295
4 1378
4 2485
5 286313
3 344314
5 496881
3 120881
5 446133
3 672997
5 800982
4 1533
6 437788
6 198741
6 198699
4 1987
5 690095
6 146805
6 205717
6 988642
4 745
4 85
4 1137
4 76
6 845679
4 2055
5 256683
5 258089
5 20299
5 502837
3 343294
6 617666
5 461181
5 668897
6 35525
6 365733
6 452281
4 557
4 2923
6 660201
5 582774
5 516083
3 152823
6 40975
5 716215
6 592909
6 54113
5 683326
4 3074
5 651201
4 2369
5 722065
4 2991
5 312059
3 464631
5 996506
6 992551
3 698232
5 851113
4 2769
3 205729
4 3016
5 155153
6 155909
5 629217
6 602885
4 2173
5 954963
3 105097
5 33035
4 1453
3 988545
4 2939
4 2361
5 79609
6 448889
5 372011
4 1379
5 972768
6 381049
4 1203
4 694
3 57949
4 565
3 835366
4 2635
4 1946
3 187283
4 535
6 694717
3 334395
5 305185
3 112721
3 937577
3 251417
4 2869
4 185
6 724999
4 1836
5 59247
6 128127
5 877172
3 757433
3 756417
4 358
6 488628
5 404992
5 367787
5 796152
6 641773
4 2141
5 941882
6 927383
5 132057
3 382397
4 217
4 917
5 573519
6 803447
6 631202
3 109313
3 596037
3 995469
5 241879
5 737187
6 246498
4 3436
4 1845
5 636871
6 252759
4 393
5 19297
5 430832
3 291687
6 39862
4 2980
6 898217
6 80807
5 416133
6 815818
3 930097
4 2262
6 906748
3 942667
3 248689
3 263319
5 393201
3 694881
6 54820
4 318
5 927886
5 639153
5 768109
4 2745
5 99541
5 262033
6 11471
3 702841
6 807971
4 457
5 913586
4 3473
4 2141
5 201765
6 289377
6 466689
3 455429
6 810193
4 1757
4 2157
4 1678
5 123911
4 704
3 903029
6 302026
3 527341
5 707925
3 66361
6 660529
6 252797
6 586303
3 549501
6 551547
4 1113
4 1265
3 673858
3 123337
5 227861
6 158657
6 967741
5 66981
3 370113
5 692817
4 2480
3 998016
6 735785
6 609141
4 2030
6 891017
4 1447
5 958917
4 1771
6 353909
5 931975
5 337390
3 854737
3 744353
6 957239
5 371281
5 347349
5 249098
6 822463
3 588425
5 857481
4 1411
3 246465
3 67713
4 3042
4 3307
4 3349
6 520119
6 24585
4 1415
3 405427
6 12716
4 1119
3 103073
6 682966
5 448338
4 1809
5 199650
4 845
5 374113
4 112
6 262009
6 723697
4 2977
3 978737
6 304777
4 519
5 991981
4 1700
5 225383
5 745081
3 925976
3 171649
6 103249
6 712536
4 1893
6 47168
6 699565
3 322345
4 1241
4 416
3 565885
3 808129
5 448826
5 993564
5 174565
6 679366
5 998929
4 3386
5 53761
3 763745
3 930229
4 2318
6 1875
3 910177
5 736777
3 299718
3 579090
3 763745
3 267521
6 807989
6 921545
4 3376
5 812585
5 692704
6 294975
5 303825
5 284986
3 838619
6 971543
3 559945
4 3152
3 738785
3 680579
3 77227
3 153710
6 765127
4 493
4 269
5 405579
5 308831
5 790521
5 868897
4 1230
4 1669
4 229
3 892553
3 449321
6 216108
3 825921
4 1928
4 2426
4 2183
6 977361
5 937877
3 523842
5 485279
3 596807
6 453263
6 624333
3 997701
5 341852
6 189969
6 349057
6 926449
5 803928
5 789621
6 527041
4 3701
5 115748
3 465833
4 1543
5 619584
4 1467
3 895593
6 255061
4 2901
4 2372
4 2518
5 777801
6 472435
6 650882
6 117489
3 510168
3 889151
5 670085
3 790765
6 900065
4 557
3 817137
6 594295
5 476175
5 392903
5 453241
5 815705
4 405
5 513655
3 394737
6 533373
3 738425
4 2779
5 842465
6 622641
6 704617
4 550
5 758842
3 888985
3 493329
3 163105
3 2905
3 713457
5 918061
4 3050
6 42489
6 564948
5 430676
4 2945
3 709755
6 905197
3 949660
5 276319
6 63821
3 585571
4 3681
6 261935
6 101075
6 780475
6 906702
4 3631
6 852417
4 3549
3 738581
4 1104
4 666
3 989565
4 1029
4 2494
4 752
5 847028
3 520677
4 863
4 1233
4 2881
3 401253
3 811409
6 571887
4 1122
4 1353
5 979391
5 410104
6 738875
4 703
4 2416
4 1052
3 920899
4 2107
5 516067
6 970989
4 1664
5 917225
3 557665
5 535180
3 891673
6 179077
3 614468
4 2137
6 737361
6 220284
3 620993
6 178269
4 609
6 284854
3 97915
4 1185
4 2373
5 829969
4 1436
3 331129
4 1200
4 944
6 51218
5 670608
5 106111
5 830352
4 2185
4 3158
6 52557
5 200417
5 124108
3 908856
4 3549
5 433857
5 431913
6 453647
3 110739
5 163851
3 599853
4 777
4 3012
6 928449
4 673
6 672967
3 932089
5 603211
3 209841
6 109386
3 958745
5 561454
6 95215
4 889
6 235771
3 702045
6 661484
6 529449
6 348771
3 666519
4 2573
5 919155
5 892874
4 1227
6 919063
6 238876
6 293825
5 477989
3 260353
5 996167
5 671601
4 864
6 897703
6 291849
3 596857
5 306270
6 338985
5 134623
5 388345
5 191516
5 814112
5 390065
4 1196
6 239345
6 863737
5 57626
4 857
3 421217
6 903241
4 2911
5 224565
3 789277
5 881363
5 319801
4 1125
5 505776
3 792257
5 474224
3 449206
6 664687
3 675169
5 5849
5 221441
5 429693
3 815505
4 2024
3 287089
4 1933
3 351275
6 652452
3 487297
3 804552
4 2950
6 946641
6 102009
4 1757
4 3855
6 897645
4 895
5 363677
3 362561
6 327618
4 2310
4 1283
3 588161
4 1557
5 527837
3 176329
6 705297
5 484703
6 869317
3 329269
6 676893
6 636679
3 989908
6 185233
4 2637
6 760253
6 147575
4 571
5 576561
5 726691
5 565949
5 112193
3 192237
6 24133
5 787222
4 2781
4 147
4 3101
3 699345
6 535168
5 867069
3 375969
5 554083
6 677086
4 101
4 3457
4 3237
5 880353
5 342475
4 1399
3 735593
