100
1 914241
1 639471
1 234811
1 297728
1 6927
1 664569
1 134689
1 868271
1 842266
1 286545
1 333833
1 274177
1 568845
1 157569
1 732493
1 136381
1 473089
1 419305
1 639776
1 37685
1 321207
1 496713
1 531105
1 326601
1 317437
1 791873
1 931097
1 224521
1 395823
1 877225
1 781729
1 578851
1 112100
1 338689
1 481883
1 735265
1 293813
1 679713
1 964201
1 733235
1 608769
1 455372
1 586193
1 666945
1 249761
1 79651
1 288892
1 176792
1 437505
1 850205
1 509407
1 856047
1 50817
1 314153
1 237389
1 184462
