6 538214
5 599771
6 415415
3 599175
4 8
3 376755
6 451930
6 420555
6 536638
3 543050
4 13
6 404808
6 541706
6 405315
3 543050
3 632641
4 1
5 460943
6 166599
5 468878
6 832555
4 20
5 927977
6 948875
5 635349
5 958321
3 413857
5 161421
4 2
4 1
5 709762
4 25
5 432391
4 5
6 836849
4 35
6 142317
6 135057
3 595470
4 20
5 923593
3 260553
4 47
6 676259
4 35
5 511297
4 27
5 642543
4 13
3 122305
4 19
5 109233
4 45
3 193622
6 600929
3 487425
4 47
3 43505
5 710044
3 265337
4 9
3 430795
6 200385
4 66
6 190428
5 468519
5 516015
3 204065
6 391623
6 395443
5 920617
5 124277
6 623469
4 49
3 838371
6 250547
4 13
6 36998
3 838037
5 211257
6 921697
4 33
3 435619
5 437307
5 447707
5 130285
6 257937
6 410089
5 214013
5 150481
3 480321
5 489047
3 599175
4 56
3 602133
6 118893
6 955307
6 442837
4 66
3 350929
4 66
4 29
4 77
4 74
4 52
5 504822
6 258376
5 189519
5 406961
5 640611
4 77
6 86921
6 831333
3 410637
6 913329
6 854894
5 200096
3 89981
6 87369
3 796698
3 548913
6 84471
3 957395
6 372291
6 389724
3 838037
5 603782
4 104
6 290169
6 263310
3 144625
6 755252
6 118489
3 171839
4 80
4 78
6 183467
5 568109
4 93
6 781400
6 517658
4 73
5 691353
3 89981
6 169337
5 837977
5 452668
6 402179
3 216065
5 268025
3 258593
4 62
6 85720
5 887633
6 623332
5 576917
6 520568
4 53
6 395738
4 97
3 144625
4 160
3 501675
6 829051
4 106
5 449795
6 415945
6 968257
4 143
5 887185
3 445639
4 13
3 705510
5 682557
6 483186
4 40
3 47919
4 60
4 49
5 132179
3 466595
3 642227
5 333316
3 108545
4 101
4 172
6 591713
3 602133
5 27893
5 632841
5 420829
5 282580
4 175
6 500957
4 9
5 45779
5 839327
3 236060
3 360955
3 82809
5 604809
4 190
6 981637
3 487425
4 55
4 9
6 168885
5 483697
3 108545
4 98
3 236060
3 838037
6 985197
4 97
3 498823
5 356945
6 433219
3 538551
3 244653
6 915280
6 166077
3 265758
4 193
3 611841
3 502310
3 784221
3 977041
4 62
3 397385
6 143340
5 693721
6 56587
4 225
4 189
4 49
6 474851
6 287438
5 987235
3 454208
4 162
5 515219
4 61
4 205
6 592404
5 249023
4 195
6 314489
6 549835
4 176
5 527709
3 455045
4 229
6 257021
3 442137
4 126
6 118777
6 484063
5 139879
4 93
3 43239
5 359047
5 627207
5 863249
6 198233
5 773351
3 415972
4 187
4 253
4 3
4 111
6 699045
6 252708
5 142701
5 125421
3 563263
3 610439
5 202804
6 828203
3 796698
3 542596
5 617050
4 259
5 195273
5 214145
3 359889
5 614885
5 816363
6 274657
3 463603
4 39
3 622329
3 360955
3 493505
5 42483
5 512232
5 87097
4 139
6 36119
4 147
3 171393
6 698182
4 24
4 192
6 239353
6 169445
4 189
3 534240
6 432783
6 189225
4 249
6 601847
5 45685
3 120517
5 110362
4 116
6 459783
5 276475
4 137
6 368093
5 941633
6 14859
3 666305
3 627047
3 291673
5 755381
3 979713
6 488817
5 563617
5 924404
4 275
6 202114
3 542596
4 133
3 43239
4 249
4 139
6 494902
4 34
6 487319
4 127
4 50
6 368708
6 577727
5 984151
5 174005
4 95
4 237
6 82709
6 459416
3 790153
3 232154
6 980853
4 163
3 290675
6 930318
5 832440
5 413393
5 387757
5 737285
4 153
3 118021
4 194
5 813649
3 573669
4 25
4 183
6 250261
4 109
3 430795
3 181754
5 875762
3 187210
6 874343
6 853653
6 294349
4 243
5 207455
6 820265
6 446563
4 208
5 307463
4 305
4 186
6 85087
6 783309
3 880395
6 227451
3 302781
4 111
6 254961
4 145
6 283979
5 910362
4 308
6 887478
3 496990
6 167143
5 278908
4 254
6 609271
5 599933
6 208101
5 365761
3 272692
5 830865
4 1
3 283575
4 222
6 308365
4 77
6 786417
5 397425
4 150
5 676297
5 508205
