10000
1 27217
1 454393
1 311109
1 172817
1 303817
1 446169
1 674881
2 27217
2 446169
1 898505
1 469121
1 453977
1 71930
1 20517
1 665393
1 839081
2 303817
1 60062
1 766017
1 551745
2 20517
1 585571
1 850257
1 795991
1 180795
1 996284
1 658769
1 951145
1 251521
1 608769
1 273567
1 102962
1 783227
1 153609
2 551745
2 469121
1 49073
1 546105
2 49073
1 82993
1 723073
1 785221
1 749889
1 904015
1 547441
2 785221
1 362220
1 230529
1 79491
2 230529
1 201105
1 784638
1 423613
1 384009
1 163369
1 114241
2 423613
1 432350
1 629321
1 422901
1 744968
1 325893
1 58121
1 292257
1 913373
2 850257
1 571257
1 789441
1 895309
2 114241
1 901263
1 336045
1 445564
2 951145
1 770643
2 311109
1 3711
1 25937
1 926265
1 977329
1 987057
1 279961
1 864785
1 745617
1 450745
1 44993
2 71930
2 674881
1 202703
2 571257
1 338017
1 22529
1 462941
1 353209
1 783495
1 354103
1 168703
1 304199
1 994073
1 431881
2 547441
1 573169
1 350405
1 259649
2 445564
1 687233
1 893185
1 549706
1 370540
1 961315
2 354103
1 189955
1 836417
1 286417
1 517000
1 211685
1 384630
1 957648
2 180795
2 60062
1 209841
1 445494
1 757809
1 574785
1 544469
1 319253
2 783227
1 738191
1 314837
1 620273
1 718709
1 122305
1 392005
1 421298
1 359529
1 911285
1 789017
1 836707
2 211685
1 392735
1 213767
1 96044
1 807463
1 416162
1 607521
1 18033
1 573805
1 143681
1 706640
2 454393
2 795991
1 391297
1 840115
1 477193
1 302015
1 577003
1 50689
1 550935
2 122305
1 448961
1 375721
1 805345
1 965816
1 157448
1 814441
1 212007
1 836817
1 158745
1 147809
1 279153
1 272929
1 845693
1 8693
1 504275
1 67969
1 233057
1 607089
1 972105
2 845693
1 335461
1 18489
1 986817
2 840115
1 39425
1 570113
1 974037
1 689809
2 629321
1 882977
1 699466
2 926265
1 469175
1 305777
1 993979
1 505945
1 13553
2 864785
1 809577
1 325629
2 814441
2 687233
1 445905
1 825008
1 901087
2 807463
2 202703
1 774983
1 635956
1 977199
1 180163
1 386937
1 785591
2 386937
1 68785
2 416162
1 952377
1 524669
1 29005
1 300133
1 779137
1 461640
1 836545
1 637902
1 813309
1 562399
1 375713
1 147305
1 941681
2 461640
1 342182
1 527745
2 13553
1 535249
2 305777
2 996284
1 686573
1 72793
2 825008
1 764825
2 251521
2 764825
1 73281
1 112833
1 224991
1 262749
2 607521
1 621457
1 306049
1 18993
1 444570
2 213767
1 556793
1 20289
1 561193
1 900147
1 836581
1 849637
2 325629
1 176175
1 897265
1 224817
1 102041
1 321025
1 273441
2 302015
2 779137
1 329665
1 488169
2 353209
1 72773
1 72033
1 638121
1 537217
1 506685
1 982327
1 746041
2 279961
1 966777
1 184977
1 9109
1 864447
1 168001
2 789441
2 157448
1 637041
1 823681
1 573296
2 805345
1 168273
1 500461
1 229441
1 692945
1 735785
1 468471
1 861985
1 738639
2 982327
1 587994
1 491937
1 959257
1 185877
1 596857
1 185357
1 690153
1 436847
1 73825
1 845145
2 977329
1 783105
1 343661
1 768091
1 397651
2 279153
1 722263
2 445905
1 635406
1 509130
2 184977
1 265011
1 903798
1 502551
1 380286
1 128737
1 817921
1 684641
1 818945
1 91575
1 414603
1 143132
1 628129
2 692945
1 529241
1 12801
2 972105
1 1
1 610113
2 738191
2 774983
1 925697
1 781734
1 745169
1 516871
1 490141
1 495121
1 757321
1 950851
1 517117
1 539177
1 834705
1 170076
1 122873
1 643484
1 709203
1 899873
1 639711
1 668913
1 878197
1 178555
2 757809
1 482433
1 773605
1 351200
1 593985
1 923407
1 983169
1 83385
1 970540
1 624349
1 90122
1 911463
1 542462
1 175035
1 967535
1 576801
1 282945
1 571649
1 74828
1 81473
1 479533
1 118113
1 314633
1 503017
1 800983
1 657021
1 531141
1 285377
1 775520
1 853793
2 620273
1 277477
1 743745
1 468001
1 564041
1 871809
1 703369
1 539039
1 732314
1 960929
1 399376
1 543749
1 501705
1 652817
1 718106
2 306049
1 787713
1 81905
2 637902
1 781181
1 722465
1 724673
1 573633
1 605409
1 493090
1 921655
1 880393
1 341599
1 756045
1 810913
1 439883
2 986817
1 560139
1 457742
2 338017
1 873873
1 183691
1 355425
1 273953
1 584577
1 665321
1 529323
1 71296
1 183405
2 143132
1 552065
1 520081
1 949480
1 890377
1 811387
2 573169
2 482433
1 303852
1 360709
1 684665
1 737602
1 430273
1 407741
1 922481
1 879601
1 970537
2 703369
1 327421
1 85518
1 425857
1 599085
1 461069
1 924619
1 339857
1 825514
1 756417
1 253665
1 868582
1 202915
1 511085
1 172179
1 515317
1 26999
1 764221
1 943745
1 160445
1 438653
1 243177
1 302552
1 881457
2 18033
1 812094
1 109791
2 20289
1 148431
2 493090
1 24373
1 111081
1 372841
2 468001
1 915809
1 250251
1 737685
2 709203
1 173885
1 185277
1 446849
2 880393
1 422337
1 203916
1 531783
1 798603
1 229713
1 46825
1 379671
1 488449
1 636871
1 382345
2 319253
1 865913
1 585146
1 173121
1 35341
1 438952
2 732314
1 280467
1 86405
1 492901
2 172817
1 891531
2 185277
1 434887
1 173667
1 952617
1 315529
1 88321
1 395409
1 859141
2 29005
1 334065
2 273567
1 455489
1 806217
1 79401
2 861985
1 75649
1 954021
2 342182
1 906102
1 481445
2 624349
1 736011
1 897561
1 507803
1 895593
1 415921
1 852737
1 180682
2 952617
1 343317
1 104863
1 451009
2 58121
1 602967
1 245605
2 738639
2 897561
1 771361
1 954225
2 71296
1 62201
1 186313
1 431131
1 931473
1 719169
1 662040
1 895665
1 287281
1 443841
1 238977
1 83234
1 709453
1 438617
1 481050
2 879601
2 901087
1 391595
2 504275
1 474695
1 108993
1 707009
1 643441
1 420637
1 793834
2 173885
1 326377
2 635956
1 197377
1 474865
1 129729
1 778440
2 302552
1 888649
2 665393
1 623934
1 745953
2 549706
1 672997
1 258249
2 224817
1 497921
1 492137
1 845249
1 343985
1 226853
1 615825
2 304199
1 479153
1 200451
1 179561
1 464631
1 230465
1 504865
1 603553
1 800993
1 401349
1 615681
1 243018
1 360985
1 933969
1 446737
1 200689
1 991725
1 375861
1 622042
1 60111
1 856845
1 427815
1 685095
1 754753
1 448997
1 787025
1 811569
1 959841
1 184549
1 295425
1 341217
1 185653
1 133757
1 728837
1 196857
1 519715
1 21409
1 966143
1 874009
1 725231
2 810913
2 615825
1 23209
1 91073
1 117809
2 737685
2 170076
2 501705
1 230167
1 535593
1 542116
2 628129
1 806453
1 186473
2 327421
1 423883
1 490555
1 300673
1 774405
1 269325
1 451009
2 813309
1 343374
1 829633
1 556753
1 648709
1 542669
1 520489
2 503017
1 667301
1 856141
1 903041
2 881457
1 357998
1 786959
1 279737
1 866549
1 687933
1 575131
2 798603
1 73833
1 370785
1 337641
1 203122
1 243935
1 983753
1 304001
1 700227
1 129825
1 68097
1 93729
1 710445
1 753505
1 184630
2 744968
1 509591
1 815809
1 909619
1 359873
1 959308
2 112833
1 436580
1 824705
1 587009
1 555617
2 178555
1 689694
1 419033
1 901913
1 868159
1 647465
1 315197
1 567543
1 510201
1 99079
2 79491
2 375861
1 926225
1 523281
1 983633
1 613596
1 213297
2 587009
1 461009
1 740929
1 855149
1 460609
1 873595
1 514721
1 280505
1 522769
1 949945
2 415921
1 785197
1 826593
1 112553
1 129319
1 812857
1 303560
1 900029
2 448997
1 423631
1 423621
2 492901
1 758285
1 933473
1 461119
1 522793
1 131690
1 247685
1 792257
2 573296
1 698483
1 278257
2 911463
1 867741
1 313157
1 930905
1 935243
2 436847
1 271175
1 140801
1 948357
1 552541
1 908985
1 93477
1 586721
1 269937
1 147801
1 994775
1 707089
1 615227
1 828529
1 6873
2 213297
1 953263
1 416668
2 79401
2 147801
1 984901
1 629391
1 31205
2 68785
1 233465
1 565885
1 91553
2 273953
1 493418
1 493273
1 615969
1 982517
1 930825
1 562711
1 323329
2 497921
1 988697
1 183409
1 544049
1 343209
1 247290
1 437533
2 856141
1 818321
1 794273
2 479533
1 182621
1 595597
1 216687
1 527617
2 529241
1 954845
1 668145
1 152221
1 805169
1 617666
1 913659
2 836417
1 978047
1 819271
2 587994
1 44353
2 542116
1 755089
1 797777
1 157346
1 815505
1 858489
1 28833
1 142369
1 488161
1 861719
1 502377
1 524091
1 603875
1 479369
1 162177
1 232733
1 960697
1 899873
2 184549
1 810331
1 761481
2 162177
1 332379
1 159946
1 822102
1 569505
1 56166
1 326287
1 246465
1 281741
1 318305
2 280467
1 761081
1 165693
1 588127
1 56865
1 875541
1 341049
1 451971
1 728641
1 518289
2 46825
1 808911
1 69249
1 189835
1 900523
1 328203
1 188153
2 737602
2 506685
2 341599
1 800105
1 473329
1 81361
1 643735
1 446977
1 663145
1 957873
1 179673
1 65913
1 65621
1 742913
1 782551
1 282814
1 471237
1 866537
1 599165
1 565134
1 923750
1 295029
1 935081
2 448961
1 48892
1 345119
1 714111
1 424721
1 655977
1 906056
1 262377
1 460029
2 21409
2 699466
1 561237
1 248551
1 112807
1 884457
1 764565
1 45963
1 596133
1 418259
1 629951
1 123837
1 762497
1 79297
1 166145
1 228525
1 544841
1 126689
2 318305
1 118535
2 117809
2 657021
1 818177
1 793169
1 478849
1 949671
1 380172
2 608769
1 619025
1 518555
1 807429
2 432350
2 953263
2 595597
1 843649
1 730359
2 517000
1 927289
1 592751
2 574785
1 944673
2 451971
1 72181
1 268903
1 408861
1 819361
1 78499
1 121653
1 912281
1 307309
1 464313
2 69249
1 753783
1 636476
1 865729
1 188100
1 889151
2 607089
2 247685
1 587681
1 679824
1 813937
1 934571
2 502551
1 121575
1 108641
1 302165
1 285625
1 974739
1 296009
1 500261
1 82705
2 562399
1 91188
1 947891
1 230417
2 360709
2 279737
1 877533
1 564745
1 904041
1 496401
2 22529
1 394737
1 422721
2 326377
1 177073
1 351745
1 576846
2 173121
1 738721
1 333313
1 400585
1 817433
2 481445
2 738721
2 527745
1 569081
1 315267
1 404261
1 534657
1 792750
1 290945
1 625939
1 827217
2 982517
1 711073
1 737265
1 181883
1 142329
1 913348
2 911285
1 707653
1 544678
1 48296
1 51265
1 334914
1 463485
1 57876
1 405713
2 778440
1 533697
1 803085
1 807646
1 674113
1 443203
1 570003
1 160085
1 356467
1 871921
1 176157
2 201105
1 539193
1 631619
1 631291
1 314817
2 933473
1 645330
1 594705
1 837437
2 351745
1 425799
1 734937
1 528155
1 703461
2 350405
1 1237
1 165976
2 900147
1 595769
2 689694
1 641870
1 30997
1 955763
1 723393
1 634225
1 634053
1 117697
1 866065
1 70143
1 526973
1 642369
1 997251
1 155911
1 274251
1 576717
1 3421
1 879811
1 366037
1 18535
1 862987
1 574177
1 116241
1 403191
2 96044
1 184277
2 176157
1 552097
1 176533
1 248339
1 996068
1 346279
2 679824
1 681015
1 593341
2 351200
1 606547
1 114401
1 576637
1 130913
1 920417
1 448073
1 350199
2 117697
1 14081
1 12723
1 242231
1 81985
1 906215
1 327067
1 949047
1 262721
1 752727
1 927057
1 930161
1 17121
1 381221
1 527228
1 986975
2 350199
1 134013
2 539039
1 292477
1 18929
1 863233
1 872089
2 571649
1 90389
1 145969
1 197591
1 261248
1 650689
1 922985
1 53229
1 604425
1 174919
1 3341
1 526993
1 568432
2 635406
1 911555
1 833309
1 902765
1 49198
1 448101
1 50753
2 668145
1 147201
1 321033
2 665321
1 741505
1 256001
1 563881
1 911029
1 230357
1 123864
1 742977
1 927773
1 541575
1 717393
1 815505
1 887821
1 486869
1 623130
2 522793
1 158629
1 759919
1 506313
1 753217
1 954371
1 907723
1 961931
2 130913
1 574611
1 333521
1 76611
1 213301
1 562097
2 774405
1 285305
1 977221
1 122049
1 229441
1 699889
2 158629
1 744353
1 137329
1 411285
1 744261
1 466497
1 277441
1 52569
1 59280
1 258401
1 73520
1 656960
1 548121
1 123579
1 158369
1 383687
2 746041
1 930865
1 835539
1 619729
1 683583
1 288058
1 18097
1 344244
1 406859
1 422647
1 558281
1 737173
2 993979
1 613213
1 72073
1 555209
1 320517
1 878371
2 639711
1 965377
2 48296
1 88593
1 824871
1 155457
1 490861
1 953849
2 706640
1 876577
1 383297
1 160133
2 569505
1 719293
1 641918
1 988993
1 788627
1 330093
1 774661
1 324231
1 815809
1 788097
1 143663
1 105244
1 571941
1 681377
1 586637
2 172179
1 662320
1 200225
1 998585
1 266913
1 539729
1 515762
1 427425
2 522769
1 609713
1 504873
1 13500
1 204449
1 737541
2 735785
2 573805
2 807429
2 490861
1 40300
1 394779
1 317505
2 282945
1 572633
1 491809
2 296009
1 618641
1 80638
2 91073
2 817921
1 685991
1 97915
1 932475
1 196673
1 558777
2 88593
1 173745
2 73520
1 206017
1 133889
1 645573
1 362401
1 599149
1 269409
1 70673
1 939401
1 614785
2 800983
1 215113
1 364041
1 649329
1 531398
1 651585
2 81473
1 692865
1 242822
1 171649
1 148657
1 592001
1 562225
2 555617
1 870467
1 190009
1 657435
1 87041
2 753783
1 128581
1 907873
1 575127
1 109203
1 559121
2 974037
1 271613
2 50689
1 71733
1 940073
1 158561
1 718481
1 579332
1 167409
1 650729
1 371348
2 259649
2 303852
1 138369
1 631637
2 183409
2 112553
2 904015
1 143387
1 986417
1 65473
1 821039
1 352417
1 929801
1 789443
1 116377
1 838619
1 590337
1 964961
1 129969
1 392677
2 719293
1 776097
1 482497
1 335296
1 489009
1 336285
1 545361
1 200654
2 424721
1 204927
1 54982
1 163105
1 307699
1 249241
2 935243
1 622849
2 30997
1 359251
2 462941
1 469256
2 684641
1 492121
2 500461
2 3341
1 134625
1 148199
1 76609
1 935451
1 145033
2 650689
2 593341
1 183217
1 500443
1 606589
1 706126
1 845891
1 248689
1 507909
2 177073
1 142349
1 145151
1 253297
1 4511
1 221927
1 17687
1 294273
1 732993
1 990641
1 661785
1 85029
1 374417
1 824465
1 841421
2 901263
1 567726
1 585597
1 458977
1 517855
1 522843
1 378873
2 526973
1 879837
1 315855
1 506965
2 3711
1 958745
1 663125
2 285377
1 358233
2 273441
2 6873
1 75809
1 103734
1 472037
1 788565
1 597032
1 837697
1 363737
1 678193
1 560245
1 89192
1 269889
1 301005
1 989565
2 492121
1 635697
1 105353
1 593971
1 627769
1 397073
1 442333
1 439041
1 853981
1 271429
2 604425
1 229832
1 178369
1 861471
1 250171
1 19021
1 324793
1 109165
2 517117
1 145737
2 994073
1 400327
2 155911
1 790765
1 588161
1 752290
1 504125
2 105244
1 395053
1 137089
1 35465
1 172429
1 110391
2 811387
1 744745
1 602073
1 923437
1 274177
1 186539
1 298333
2 355425
1 445681
1 430625
1 916385
1 830603
1 568505
1 671313
2 18993
1 927961
1 352253
1 259025
1 606348
2 610113
2 685095
1 464809
1 122179
1 520065
1 800273
1 704849
1 925339
1 214512
1 221357
1 220840
1 476659
2 54982
1 533521
1 686263
1 415635
1 934753
1 230077
1 698232
1 649683
1 785553
1 359931
1 465833
1 672001
1 431697
2 996068
2 961315
1 596125
1 846105
1 341505
1 531089
1 158720
2 3421
2 479153
1 54977
1 208193
1 484819
1 88591
1 338557
1 273169
1 311297
1 322526
2 121653
1 373603
1 868573
1 181633
1 556785
1 474073
1 13827
1 869485
1 192433
1 371913
1 495001
1 798305
1 373569
2 381221
1 24433
1 304241
2 334914
1 96641
1 716249
1 896809
1 708545
1 382397
2 504865
1 472713
1 689281
1 565007
1 948650
1 558542
1 351373
1 921677
1 754111
1 771137
1 764850
1 818403
1 259449
1 541714
2 486869
1 617593
2 933969
1 45673
1 511121
1 717453
1 392961
1 453201
1 699697
2 73833
1 799332
1 807169
1 942193
1 517412
1 295761
1 465677
1 237457
1 279105
2 343985
2 262749
1 470937
1 910177
2 764850
1 340953
1 888513
1 418817
2 121575
1 399925
1 513733
1 387921
1 36920
1 384699
1 732641
2 932475
1 220449
1 724001
2 834705
2 507909
1 825921
1 484003
1 842385
1 613099
1 987105
1 50705
1 829953
1 751617
1 947955
1 327645
1 815316
1 119493
1 730049
1 757429
1 157477
2 258401
1 699601
1 963217
1 709483
1 336765
1 637649
2 961931
1 757253
1 551809
1 394759
1 771489
1 267960
1 711297
2 647465
1 933270
1 2929
1 135485
1 850473
1 392796
1 48641
1 737081
2 495121
1 470737
1 866945
1 200033
2 558777
2 333313
1 484604
2 68097
1 293665
1 694145
1 818589
1 185960
1 347455
1 161831
1 932445
1 423716
1 894529
1 402421
1 855425
2 823681
1 256762
1 268018
1 585641
2 477193
1 980081
1 666125
1 817914
1 219132
1 520767
1 268373
1 746305
1 735593
1 43601
1 197908
1 436577
1 460461
1 402177
1 751747
1 67159
1 523605
1 880705
1 407265
2 18929
1 355631
1 291449
1 29241
1 357995
1 294563
1 974505
1 244545
1 301175
1 448217
1 643817
2 242231
1 174947
1 290361
1 402523
1 232313
1 180001
1 587769
1 122207
1 152823
1 769502
1 853633
1 742723
1 749441
1 418170
1 370113
1 654421
1 717073
2 789443
1 546521
2 737173
1 973737
2 828529
1 809058
2 575127
1 933013
1 151025
1 128931
1 260785
2 13500
1 846607
1 729465
2 26999
1 101901
1 993621
1 770313
1 12769
1 257225
1 889343
1 528513
2 431697
1 622653
1 610954
1 397567
1 580377
1 575969
2 484604
2 24373
2 281741
1 755920
1 325195
1 818973
1 525865
1 234241
1 253499
1 816915
1 518673
1 914813
1 274001
2 552065
1 52929
1 131485
2 909619
1 45273
1 738445
1 185041
1 401253
1 824773
1 517443
1 831563
2 213301
1 425153
1 682689
1 723717
1 167745
2 719169
1 688897
1 76833
2 622653
1 249601
2 963217
1 153815
1 742624
1 327929
1 237713
2 866945
2 923750
1 827777
2 295029
1 365025
1 854737
2 541714
2 228525
1 351275
2 269889
1 629325
1 367026
1 949155
1 200201
2 781734
1 380088
1 304216
2 180682
1 657213
1 931801
1 537733
1 924187
1 327492
2 298333
1 119585
1 408257
1 312161
1 812166
2 836707
1 399703
1 889393
1 318837
1 263045
1 430581
1 176749
1 653473
2 900029
1 413737
1 347369
1 714493
1 772323
1 245525
1 1633
1 214217
1 281607
1 277847
1 530345
1 861007
1 591405
1 477941
1 686117
1 191249
2 707009
1 942453
1 922503
2 229441
2 321025
2 360985
1 667133
1 656811
1 599393
1 1
1 540417
2 651585
1 60001
2 686117
1 110716
1 408711
1 715933
2 954021
2 185357
1 34450
1 453999
2 185877
1 108684
1 525357
1 457409
2 88591
1 812793
1 450369
1 29211
1 712289
1 705594
1 620537
1 48429
1 600449
1 750950
2 247290
1 614468
2 842385
1 563059
1 52721
1 874945
1 187302
1 572911
1 919993
1 874145
1 366401
1 888169
1 925245
1 705593
2 269409
1 629953
1 54413
1 398947
1 85273
2 370113
1 521953
2 383297
1 129281
1 970171
1 829047
1 715749
1 184417
1 247844
1 833857
1 997521
1 861633
1 288769
2 788565
1 548045
2 300133
1 486873
1 618553
1 769109
1 725727
1 209033
1 464575
2 173667
1 599329
1 336857
1 942667
1 910476
1 33802
1 212353
1 109521
1 33188
1 97729
2 122179
1 530065
1 411721
1 883145
1 656043
1 630649
1 823169
1 729569
1 507497
1 665894
1 285733
1 983579
1 628977
1 877513
1 147113
1 137045
1 877797
1 379014
2 351373
1 883785
1 947839
1 556765
1 947169
1 585138
1 886181
1 63909
1 804552
1 670189
1 632713
2 574177
2 271175
2 908985
1 244317
1 186177
1 567961
1 388833
1 853569
1 514553
1 106435
1 134939
1 388085
1 735617
1 149252
1 27875
2 18489
1 691405
2 573633
1 748932
2 853633
1 812653
1 558774
2 327492
1 588577
2 274251
1 826433
1 832021
1 541925
2 911555
1 140497
1 870669
1 47904
1 272485
1 301885
1 335925
1 147009
1 930689
1 342065
1 526529
2 715749
2 243935
1 874753
1 189777
1 73217
1 619237
2 197908
1 795196
1 183489
2 816915
1 900785
1 324929
1 469931
2 364041
1 573704
1 98037
1 133929
1 872885
1 866617
2 419033
1 770217
1 938625
1 956672
1 142385
1 792897
1 428457
2 301005
1 887725
2 129281
1 209871
1 260481
2 722263
1 44545
1 359541
1 223665
1 439681
1 609332
1 721785
1 205729
1 953889
1 158239
1 305677
1 409792
1 310689
1 901439
1 856390
1 925217
1 998016
1 349877
1 397425
1 584436
1 925976
1 91665
1 162353
1 902373
1 987025
1 809489
1 611649
1 604637
1 844504
1 629685
2 33802
1 924289
1 161897
1 468835
1 985231
1 345461
1 893679
1 904417
1 798721
1 831453
1 581297
1 32869
1 775164
1 477451
1 313117
1 384369
1 322345
1 106819
1 741997
1 43454
1 89953
1 366759
1 775269
2 39425
1 928449
1 923017
1 15304
1 557229
1 575587
1 239751
1 996995
1 431364
2 643817
1 564540
1 65811
1 321507
1 853677
1 610517
1 484545
1 225185
2 439681
1 929985
1 746429
1 647105
1 517777
1 688945
1 971225
2 588577
2 974505
1 179969
1 573921
1 764471
1 926945
1 794971
1 401913
2 420637
1 761793
1 571038
1 195821
1 918654
1 111269
1 657741
1 686673
1 568341
1 414167
1 642821
1 630697
1 455429
1 796265
2 861471
1 422113
1 21357
1 380097
1 90100
2 858489
1 56409
1 133359
1 846961
1 537217
1 708209
1 585161
1 53343
1 460802
1 139585
2 730049
1 349887
1 329269
1 469738
1 826178
1 200329
1 338427
1 300273
1 120561
1 977874
1 939981
1 780273
1 722961
1 985217
2 407265
1 279549
1 419066
1 113521
1 990889
1 717239
1 460192
1 651225
1 266129
1 670645
1 118447
1 403580
1 158210
2 866537
1 714489
1 344909
1 230829
1 873325
1 916177
1 25465
2 181633
1 861921
1 931391
1 443739
2 271613
1 643409
1 47133
1 509206
1 447556
1 433241
1 994475
2 85518
1 830529
1 179721
1 988419
1 123129
2 214217
1 950445
1 152023
1 988377
1 193403
1 842753
1 116033
1 308865
2 812166
1 893885
2 750950
1 544989
1 702841
1 609541
1 792752
2 925697
1 553313
1 510777
1 941377
1 699245
1 283073
1 567977
1 651693
1 845819
1 459905
1 691505
1 774421
1 615857
2 373603
1 763521
1 376309
2 829047
1 976753
2 877533
1 694881
1 450369
1 689017
1 936513
1 212496
1 298604
1 340393
1 108891
1 778085
1 145969
1 651215
1 522785
1 538861
1 596849
1 462229
1 206244
1 657003
1 585261
1 934591
1 905153
1 961121
1 143942
1 94005
2 746429
1 978305
1 784352
1 999617
1 703453
1 894113
1 536553
1 149545
1 858307
1 530953
1 248765
1 970709
1 461863
1 100599
1 215257
1 980696
1 523997
1 735995
1 177141
1 588505
1 857473
1 185067
1 997186
1 770872
1 571777
1 732645
1 63649
1 324009
1 700225
2 33188
2 481050
1 572449
2 530953
1 468273
1 876786
1 848223
2 882977
2 991725
1 647553
1 682978
2 260785
1 146321
1 609816
1 352513
1 226031
1 346935
1 80569
1 822569
1 320009
1 265945
1 195313
1 277796
1 146189
1 588841
1 205600
1 325265
1 224993
2 436577
1 204181
1 468653
2 308865
2 770217
1 736915
2 757321
2 167745
1 830601
2 158369
1 799393
1 639601
2 634225
1 279057
1 45127
1 608977
2 482497
2 827217
2 101901
1 451793
2 233057
1 223466
1 48673
1 967041
1 794309
1 330547
1 897148
1 292553
1 119841
1 773097
1 968583
1 94265
2 799332
1 537617
1 324448
1 152881
2 244545
1 692049
1 620953
1 857990
2 871921
1 280033
1 83177
1 331385
1 73001
1 353817
1 867222
1 956025
1 643297
1 58881
1 633021
1 627421
1 269425
1 509897
2 736011
1 806037
1 35425
1 295301
1 777377
1 470205
2 366401
1 238481
1 36657
2 427815
1 769751
1 840017
1 809230
1 161257
1 251417
1 737581
1 749529
1 284225
1 646844
1 104021
1 147105
1 281399
1 612813
1 619473
1 132929
1 566081
1 301039
1 500897
1 626161
1 48617
1 814383
1 196721
1 930673
2 45127
1 545457
2 230357
1 347649
2 887725
1 836861
2 183489
1 553337
1 113789
1 287329
1 72657
2 287329
2 629953
1 87729
1 355309
1 190993
1 613004
1 164025
2 717393
1 268649
1 400449
1 249201
1 770049
1 871331
1 557027
1 40448
1 776549
1 458080
2 366759
2 157477
2 857473
1 565361
1 391569
1 533369
1 824051
2 553337
2 32869
1 995469
1 515411
1 520677
1 255041
1 376453
1 448561
1 452814
1 798721
1 524531
2 488161
1 686829
2 18535
1 353553
1 159401
1 38089
1 533665
1 505361
1 95527
2 700227
1 995415
1 956737
1 695357
1 746309
2 900523
2 341217
2 248551
1 351334
1 804389
1 346619
1 972385
1 939693
1 130000
1 755777
2 853793
1 117905
1 455519
1 756677
2 232313
1 274940
1 338525
1 337505
2 335461
1 901361
1 526337
2 849637
2 165976
1 507465
1 710081
2 12723
1 769460
1 212865
1 88801
1 615807
1 904321
1 42887
1 664257
1 183071
1 238559
1 645189
1 580544
1 206529
2 83177
1 200565
1 440242
1 837087
1 985537
1 948895
1 110243
1 622131
1 827249
1 194209
1 483404
1 795860
2 147201
1 614557
1 83373
1 344673
1 716433
1 561549
1 97305
1 442817
1 933561
2 179561
1 615113
2 988697
1 540521
2 395053
1 342225
1 193125
1 939249
2 203122
1 888009
1 942337
1 904506
1 702657
2 15304
2 728641
1 153281
1 787961
1 251553
2 394759
1 454241
1 566771
1 396289
2 76833
2 774421
1 336903
1 263953
1 287585
1 527341
1 523842
1 790845
1 493409
1 751297
1 440729
1 778953
2 812094
1 30025
1 419867
1 113697
1 336625
1 114487
2 315197
2 91575
1 507565
1 609297
2 454241
2 94005
1 206355
1 355673
1 417509
1 497033
1 305009
1 965405
1 897157
1 81825
2 376309
1 839809
2 83373
2 82705
1 558737
1 338727
1 264641
1 767145
1 936533
1 834771
1 935073
1 488841
2 143663
1 569973
1 693345
1 608441
1 22817
1 804441
1 864079
1 206295
1 808129
1 16498
1 836741
1 169473
1 48093
1 492965
2 358233
1 526633
1 138753
1 36889
1 467361
1 632281
1 880933
1 427945
2 418817
2 759919
2 110716
1 893893
2 493418
1 44065
1 356833
1 207906
1 143576
1 72921
1 607057
1 379077
1 843581
1 977749
1 785009
1 909449
1 373057
1 984239
1 303315
2 343661
2 326287
1 696171
1 56501
1 907157
1 170890
1 15681
1 728113
1 158221
1 212999
1 649729
1 590717
1 781569
1 307769
1 986477
1 735917
1 52615
1 886951
2 31205
2 359873
1 577977
1 740593
1 154925
1 873211
1 479781
1 311361
1 180745
1 565409
1 211809
2 533665
1 496545
1 455153
1 679357
1 113248
1 53369
1 753893
1 94645
1 66361
1 84127
1 337703
1 656665
1 422581
1 17929
1 596527
2 72181
2 164025
1 969409
2 509897
1 79583
1 257817
1 563938
1 513633
2 232733
2 202915
1 757849
1 212390
1 158107
1 531669
1 132833
1 503749
1 778483
1 795768
1 345633
2 505945
1 453777
1 907154
2 409792
1 257015
2 292477
1 931097
1 299035
1 691946
1 457819
1 943305
1 946409
1 596807
1 746237
1 708287
1 911197
2 751297
1 150265
1 200209
1 160353
2 921677
1 580442
2 359251
1 232969
1 966045
1 310195
2 893679
1 895751
1 691648
2 615857
1 680579
1 141081
1 939815
1 246959
2 873325
1 670821
1 861473
1 918225
1 990097
1 128455
1 616449
1 162931
1 817137
1 269753
1 2497
1 739407
1 835085
1 295777
2 401913
1 220477
1 781921
1 382513
1 865313
1 942097
2 888649
1 932897
1 861665
1 934599
1 966885
1 680257
1 796066
2 320517
1 161643
1 223493
1 541133
1 983157
1 616441
1 257194
2 44353
2 822102
1 97849
1 137647
1 649002
1 297161
1 209693
1 192237
1 371489
2 587769
1 991009
1 622433
1 157697
2 451793
1 148587
1 63471
1 534370
1 544689
2 774661
1 200797
1 243133
1 672155
1 11937
1 588185
1 392001
1 886386
1 402771
1 369946
1 862397
1 701097
1 681682
1 419011
2 580544
1 248273
1 938785
1 179529
1 769745
1 444721
1 623564
1 169573
1 881371
1 839297
1 209937
1 320382
1 204505
1 460695
1 912447
1 328993
1 640285
1 5825
1 658017
2 75649
1 793657
1 738360
1 761985
1 157790
1 256871
1 203801
1 501613
1 991681
1 686384
2 36657
2 735995
2 461009
1 631867
1 167393
2 281399
1 914913
1 619569
1 740313
1 987515
1 661529
1 265425
1 67273
1 430817
1 976449
1 378105
2 118113
1 610761
1 709018
1 874313
2 279105
1 397953
1 716753
1 492449
1 660495
1 846805
1 58097
1 289445
1 714965
1 521841
1 18201
1 16417
1 22715
1 736915
2 901361
1 925553
1 822257
1 155353
1 431217
1 226727
1 237
1 33561
1 859041
1 663047
1 969617
2 639601
1 470253
2 984239
2 805169
2 60111
1 347361
1 136985
1 592901
1 668837
1 380222
1 137901
1 316907
1 603295
1 869657
1 487297
2 137045
1 963743
2 271429
2 153815
1 581775
1 304114
1 775105
1 623426
1 557993
2 106435
1 221089
1 543969
1 294369
1 286966
1 394453
1 215361
2 864447
1 612877
1 185569
1 1955
1 576313
1 826145
1 631629
1 108109
1 59745
1 165849
1 291687
1 258389
1 406503
1 596001
1 722868
1 688213
1 640497
1 871897
1 291177
2 839297
2 752290
1 832809
1 747979
1 615041
1 741937
1 711473
1 888181
1 850885
2 214512
1 74209
1 178281
1 827493
2 959308
1 874677
1 563153
1 582845
1 95745
1 378281
1 683983
2 73281
1 885757
1 608945
1 904011
1 781329
1 920899
1 549284
2 621457
1 670461
1 794073
2 473329
1 149249
2 788097
2 652817
1 443748
1 246669
1 112481
1 290809
1 589145
2 147113
1 367713
1 679101
1 941385
1 363885
1 873319
2 233465
1 910699
2 682689
1 911237
2 574611
1 646891
1 835366
1 301595
1 60989
1 813357
1 650657
1 450369
1 844631
1 296257
1 621761
1 223993
1 480227
1 664153
1 53069
1 389389
2 160353
1 904347
1 995845
1 452425
1 365906
1 718465
2 562225
1 336993
1 111067
1 296473
1 42321
2 359541
1 93905
2 531398
1 821023
1 52060
1 759853
1 732601
1 328129
1 112721
1 744587
1 145452
1 356061
1 872675
1 249169
2 563153
1 28385
1 57783
1 817313
1 648863
1 324961
2 152881
1 9985
1 553135
1 72513
1 20088
1 349025
1 381655
1 732805
1 695819
2 34450
1 860010
1 717435
1 441153
2 443748
1 160385
1 200417
2 178369
2 997251
1 959753
1 460349
1 310233
1 512417
1 382257
2 57783
1 436513
1 679785
1 909143
1 789881
2 670645
1 843147
1 667417
1 199857
1 465881
1 912385
1 833
1 77227
1 858329
1 479193
1 150631
1 456129
1 309953
1 458753
1 975953
2 455519
1 562021
1 487259
1 228909
2 903041
2 975953
1 155105
1 198037
1 509032
1 231881
1 854337
2 861473
1 933316
1 90929
1 176329
2 877513
1 427527
1 794633
1 726297
1 726796
1 576153
1 230209
2 615227
1 930097
1 83631
1 949660
1 360330
1 823345
2 446977
2 340393
2 90389
2 469175
1 775099
1 918529
1 913969
1 278953
1 490769
1 887518
1 924035
1 948849
2 734937
1 725433
1 16650
1 958105
1 44193
1 524439
2 269937
1 61679
1 729569
2 439883
1 9785
1 400076
1 439777
1 793508
1 267489
2 176749
2 770643
1 808507
1 829585
1 519473
1 734877
1 537889
1 519763
1 261445
1 33619
1 616416
2 947955
1 846161
1 683225
1 207585
1 738335
1 471193
1 109313
1 719409
1 456841
1 567425
1 136283
2 391569
2 168001
1 110393
2 737541
1 120881
1 863553
1 151919
1 913298
1 384489
1 136951
1 196699
2 460802
1 731988
1 43844
2 52060
1 375969
1 605765
1 518572
1 336833
1 982259
1 349371
1 559728
1 232471
1 315167
1 295601
1 341803
1 985013
1 422287
1 278529
1 459827
1 142527
1 727669
1 293893
1 473038
1 969983
1 866335
1 312696
1 165789
2 172429
1 310209
1 64541
2 507497
1 880505
1 430257
2 610954
1 20451
1 999373
1 102209
1 902455
1 296067
1 839965
1 822755
1 66909
1 652257
1 160503
2 615113
2 524091
1 17697
1 14033
1 668033
1 578396
2 618641
1 56021
1 888985
1 148713
1 51009
1 506753
1 477374
1 478941
1 238369
1 300895
1 157953
1 235861
1 868049
1 136177
1 502219
1 702045
1 196245
1 41987
1 441302
1 377959
2 134625
1 313187
1 343097
1 141271
2 357998
1 391677
1 899151
1 314105
1 158322
1 629953
1 451465
1 70800
1 129827
1 761601
1 156501
1 505025
1 287089
2 399925
1 872587
1 356673
1 506773
1 646807
2 876577
1 406733
1 979239
2 47904
2 245605
1 434073
1 665697
1 981103
1 427321
2 984901
1 237121
1 597121
2 344244
1 602393
1 263319
1 119761
2 145151
1 951169
1 675169
1 13185
1 279050
1 61885
1 540293
1 879825
1 145904
2 9785
1 665645
1 461241
1 198241
2 180745
1 557783
1 683145
1 732969
1 823225
1 958045
1 232007
1 911559
1 449321
1 139521
1 773666
1 341143
1 224993
1 401777
1 591985
2 688213
2 875541
1 504017
1 933273
1 908856
2 926945
2 537617
1 491467
1 277561
2 988377
2 533521
2 143387
1 65601
1 289944
1 527281
1 892941
1 625537
1 717301
1 779121
2 794309
1 175875
1 955901
1 3217
1 639153
2 527617
1 389915
1 409517
1 316471
1 350561
1 206273
1 759377
1 373382
1 363323
1 56065
1 666519
2 302165
1 882257
1 975345
2 757253
1 170283
1 749441
2 977874
1 791799
1 664577
1 126638
1 333213
2 572449
1 989185
2 987105
1 146873
1 106767
1 538001
1 515409
1 220641
1 133409
2 812857
1 400489
1 703453
1 480575
1 692316
2 861665
1 699345
1 475789
2 987057
2 442333
1 825913
2 770313
2 456129
2 848223
1 455065
1 588981
1 747137
1 807713
1 518871
1 180573
2 455065
1 453984
1 641721
2 934591
1 821303
1 334161
1 45537
1 73406
1 147185
1 231205
2 966885
1 989537
1 755004
1 241675
2 610761
1 184193
1 572225
1 596673
1 2905
1 17017
1 898857
1 459867
1 334395
1 808225
1 554545
1 477601
1 144130
1 761397
1 492577
1 551698
1 821697
1 515645
1 989383
2 531783
1 921281
1 80545
1 216401
1 255065
1 593585
1 414392
2 400327
1 625449
1 814249
1 170433
1 518209
2 939249
1 362561
1 210625
1 451155
1 360961
1 350203
1 271501
1 955265
1 573579
1 413985
1 535289
1 341057
1 595169
1 179285
1 62113
1 363649
1 380993
1 788113
1 944272
2 48429
1 387443
1 970581
1 426089
1 789865
1 163457
1 667073
1 517340
1 91183
1 458241
2 54977
2 592001
1 92001
1 821379
1 65345
1 21585
2 795196
1 935617
1 270753
1 318811
2 45273
2 493409
2 157790
1 302033
1 898964
2 846961
1 588009
1 876289
1 20199
1 687265
1 941294
1 836261
1 132081
1 694085
1 119041
1 620993
1 244987
2 904347
2 789865
1 315445
1 794921
1 536929
1 595058
2 794971
1 674673
1 275869
1 421217
1 852437
1 355129
1 215833
1 995158
1 940693
1 433350
1 743415
1 462065
1 757433
1 690135
1 900977
1 599853
1 789559
1 13889
2 617666
2 557027
1 797661
1 9
1 184464
1 581547
1 348292
1 555417
1 164225
1 476513
1 802173
2 808507
1 288611
1 60844
1 227049
1 307493
1 922545
1 80225
1 636041
1 60945
1 994072
1 580127
1 119393
1 442873
1 756529
1 300137
1 384209
1 496953
1 534401
1 117537
1 613032
1 128311
1 243489
1 810755
1 216919
2 367026
1 224641
2 671313
2 609713
1 624295
2 584577
2 203916
1 203039
1 438856
1 404866
1 372524
1 747529
2 903798
1 834065
1 191233
1 921257
2 119585
1 768084
1 426747
2 362401
1 414241
1 635869
1 456357
1 941857
1 28678
1 616841
2 438617
1 937577
1 126209
1 116433
1 357101
1 947953
1 399089
1 764889
1 374862
1 514273
2 515409
1 504414
1 86089
1 719845
1 672153
1 852561
2 753505
1 868705
1 859917
1 939509
2 129825
2 478941
1 125121
1 900033
2 440729
1 525117
2 147809
1 187713
2 972385
1 543093
2 305677
1 89897
1 571651
1 854657
2 194209
2 657213
1 575050
1 595393
1 478753
1 904665
1 848093
1 635541
2 571941
1 663313
1 234929
2 717073
1 205407
1 927451
1 776339
1 864887
1 614193
1 279601
1 500446
1 777057
1 698978
1 50341
1 827971
2 770872
1 992484
1 708807
1 186169
2 826178
1 852633
1 408043
1 373841
1 866357
1 429492
1 507798
1 271521
1 977773
1 768665
1 615013
1 673858
2 854337
1 675474
2 160085
1 267443
1 386970
1 709755
1 966463
1 645187
1 593779
1 789601
1 621813
2 484819
2 824705
1 74523
1 549889
2 521953
1 343489
2 726297
1 506744
1 388773
1 791489
1 634081
1 647158
1 25463
2 384369
1 692558
1 301117
1 447249
2 970540
1 613661
1 208257
1 964453
2 441302
2 111081
1 116193
1 82009
1 771570
2 315855
1 26561
2 427425
2 185041
1 420045
1 927831
1 491967
1 837745
1 147009
1 337729
1 412389
1 503813
1 951187
1 411895
2 97305
1 463105
2 296067
1 311105
1 73985
1 233271
1 549925
1 385346
1 374209
1 431985
1 691297
1 115943
2 59745
1 831361
1 617927
2 84127
1 209993
1 812609
1 513761
2 830601
1 195911
1 645985
1 793529
1 825739
1 145537
1 746681
2 620953
1 237441
2 496953
2 113789
1 759697
1 74785
1 392969
1 840581
1 553917
1 22597
1 368263
1 566001
2 814249
1 92197
1 219933
2 749889
1 321149
1 478920
1 465671
2 965405
1 321989
1 637493
1 679217
2 586721
1 433801
1 156149
1 460209
1 885691
1 547124
1 873325
1 522449
1 874929
1 595281
2 52615
1 314458
1 182769
1 492017
1 513741
1 565487
1 326593
2 753893
1 28223
1 148124
1 866795
1 783553
2 472713
1 358481
2 519715
1 926109
1 533020
1 556043
1 955732
1 192769
1 385249
1 133773
2 279057
1 550593
1 853153
1 843681
1 967761
1 259673
1 214281
1 528289
1 85905
1 467034
1 942873
1 921859
1 988893
1 661889
1 330361
1 988101
2 536929
1 43081
2 411721
1 512609
1 432167
1 286945
1 36753
1 983900
2 873325
1 83073
2 245525
1 123337
1 386650
1 108481
1 68523
1 978737
1 55235
1 572977
1 258419
1 1187
2 430257
1 765453
2 179529
1 701705
1 641967
1 309426
1 221721
1 383817
1 470649
1 547315
1 344447
1 201608
1 887339
1 104681
1 987109
1 644034
2 403191
1 466561
1 318817
1 380929
1 584473
1 372425
1 29100
1 619375
1 712881
1 763745
2 736915
1 580448
2 48673
1 69713
1 359713
1 639697
2 537889
1 953053
1 957761
2 846607
1 347893
1 532145
1 159989
1 710066
1 523393
1 380609
1 81061
1 935266
1 535689
1 275329
2 754111
1 267897
1 757093
1 32561
1 602985
1 624385
2 777057
1 901048
2 649729
1 826057
1 502945
1 812959
1 434193
2 941857
1 224929
1 138465
2 757429
1 589919
1 389573
1 404069
1 48657
1 372519
1 191781
2 401349
1 648705
1 476801
1 769005
1 29437
1 668079
1 542209
1 159233
1 969915
1 563073
1 358697
2 162353
2 572225
2 800993
1 174807
1 741741
1 439923
1 225217
1 770921
1 435905
1 434305
1 820161
1 461157
1 785577
1 502222
1 405233
2 558542
1 653027
1 929921
1 134517
1 349757
1 735324
1 477481
1 152481
1 853105
2 148199
1 449633
1 273301
2 874929
1 172337
1 691497
1 515751
1 186385
1 449723
2 552541
2 930161
1 790327
2 374417
1 580949
1 496193
1 128035
1 666113
1 499261
1 181487
1 738785
1 709532
1 907653
2 90122
1 404929
2 798305
1 687649
1 738581
1 522817
1 731290
1 867461
2 571651
1 125534
1 674881
2 86089
2 699245
2 987025
1 578263
1 496353
1 515921
1 591281
1 191629
1 662921
1 409616
1 223041
1 683867
1 612379
1 457137
1 715481
2 504017
1 824397
1 270613
1 662925
1 838017
1 215589
1 493329
1 562921
1 560545
2 431881
1 718937
1 226137
2 781921
1 349729
1 183777
1 706145
1 723953
1 781433
1 255745
1 267829
1 883953
1 869895
1 593793
1 821853
1 919851
1 220164
1 429697
2 684665
2 379671
1 117809
1 216269
1 580033
1 609503
1 545861
1 324859
1 129281
2 709453
1 499639
1 444355
1 716809
2 509130
1 244433
1 884169
1 147695
1 993342
2 809058
1 677698
2 585641
1 816162
2 609541
2 739407
1 981329
1 917421
1 663021
1 884593
2 879811
1 20214
1 462401
1 210417
1 88621
1 795074
1 561797
1 608121
1 282129
1 902143
1 890229
1 104073
1 265639
1 118465
1 305003
1 594293
1 980103
1 781449
1 887727
1 741992
1 509427
1 786789
1 932089
1 120487
2 188153
2 474073
1 167045
2 174919
1 874009
1 678901
1 763511
1 820831
1 693017
1 878719
1 959845
1 974785
1 601769
1 364954
1 705971
1 889127
1 346831
1 750017
1 117701
1 283273
1 430017
1 447553
1 858369
1 459489
1 448001
1 143129
2 460209
1 265342
1 411521
1 998841
1 216475
1 934353
1 225359
1 143452
1 787485
1 905441
1 358217
1 481989
1 787387
1 642445
1 513281
1 704269
1 264385
1 598381
1 56593
1 469831
1 209904
1 700385
2 206017
1 378084
1 191009
1 931680
1 515159
2 913969
1 982452
1 620673
1 907697
2 505361
1 910377
1 557665
1 329807
2 644034
1 381985
2 351334
1 92353
1 966951
1 70491
1 52553
1 662305
1 132065
1 295607
1 405427
1 845979
1 454083
1 653315
2 902765
1 777802
1 886405
1 110153
1 757677
1 186933
1 753068
2 404069
1 576025
1 887045
1 986597
1 23396
2 576846
1 92678
1 669361
1 641953
2 518673
2 957761
1 274697
1 631777
1 5345
2 460461
1 900513
1 942999
2 385249
1 107993
1 236736
2 244987
1 159899
1 655209
1 507749
1 628769
2 815316
1 702325
1 653997
2 248339
1 598313
1 141569
1 782983
1 599143
1 1381
1 707777
1 809641
2 344909
1 497557
2 168703
1 107149
1 912089
1 427065
1 237569
2 60001
1 928715
1 234083
1 544145
1 310771
1 587381
1 217089
1 730608
1 550455
1 769386
2 431131
1 966977
1 444705
1 656400
1 461075
1 27433
1 671575
1 296473
2 1
1 307489
1 643441
1 627564
1 122706
1 827837
1 53229
1 684537
1 693603
2 174807
1 853703
1 463649
1 815721
1 696081
1 254127
1 847473
1 518273
1 630213
1 916883
1 657048
1 279809
1 595921
1 101697
2 128035
2 773097
2 847473
2 874145
1 597257
2 24433
1 219300
1 612225
1 870172
1 605615
1 376505
1 943909
1 798329
1 299201
2 931391
1 116209
1 312037
1 903781
1 212561
2 507565
1 688145
1 715637
2 809641
1 795649
1 313195
1 15521
1 513009
1 963561
1 938178
1 23801
1 649345
1 493505
1 626936
1 197970
1 475485
1 535545
1 491537
1 69545
1 609953
1 128289
2 3217
1 664593
1 823873
1 824193
1 712727
1 985057
1 803681
1 175058
1 117787
1 388829
1 177873
1 113921
1 829156
1 357945
1 220673
1 789277
1 267521
1 144215
1 839137
1 601703
1 566113
1 626853
1 218817
1 327697
1 194087
1 665416
1 601171
1 656065
1 969773
1 205241
1 337497
1 955937
1 456985
1 990777
1 338937
1 273215
1 914497
2 161897
1 698785
2 645187
1 631405
1 814832
1 496787
1 319175
1 293110
1 705597
1 844689
1 628545
1 96263
1 417213
1 904005
2 708209
1 51935
2 270613
1 221769
1 300801
1 975885
1 609554
2 147185
1 353649
1 980539
1 481121
1 123917
2 459867
1 438812
2 483404
1 71105
1 217047
2 834065
1 142401
1 17081
1 922785
1 577706
2 662925
1 667101
1 77345
1 620215
1 393031
1 598465
1 822523
1 911601
1 624822
1 860881
1 413977
1 598337
2 154925
1 760665
1 593923
1 542067
1 135775
1 703714
1 723405
1 200151
1 641025
2 989185
1 650273
1 612707
1 710629
1 650885
1 684923
1 896993
2 357101
1 226561
1 455105
1 990654
1 369237
1 555321
1 258753
1 673415
1 182593
1 277251
1 847399
1 454118
1 480896
2 109521
1 141845
2 209033
1 350593
1 945297
1 601571
1 512273
1 160065
1 971233
1 476209
1 104001
1 258435
2 391677
1 321185
1 955469
1 74513
1 841025
1 236561
2 216475
1 426961
1 864813
1 406673
1 817156
1 300725
1 62753
2 465881
1 607265
1 165785
1 80953
1 29456
1 762993
1 689563
1 177217
1 739105
1 937639
1 582351
2 985013
2 369946
1 326531
1 77377
1 886314
2 662921
1 776439
1 518401
1 449755
1 840145
1 220968
1 92547
1 91737
2 955763
1 988545
1 873123
1 809729
2 661529
1 105857
1 411543
2 637041
1 484915
2 133757
1 519429
1 669897
1 920397
1 817785
1 475225
1 892553
1 781209
1 677725
1 616337
1 902049
1 142731
2 519473
1 898801
1 535373
1 838077
1 828497
2 755777
2 277251
1 366239
2 244317
1 749605
1 59601
2 633021
1 893821
2 344673
1 548961
1 518201
1 808001
1 607709
2 919993
1 813689
1 498204
1 627115
1 85421
1 697601
1 505809
1 563937
2 776339
2 716753
1 215313
2 29100
1 651341
1 880829
2 737081
1 105097
2 460609
2 880829
1 24769
1 820149
1 371329
1 84529
2 878719
1 954537
1 264585
1 859137
1 606833
1 994009
1 854449
1 142977
1 400665
2 919851
1 904333
1 538172
1 754081
2 400489
1 317551
1 331167
1 866401
1 108949
1 926517
1 774241
1 871799
1 954433
1 187283
1 94241
1 201237
1 864401
1 527641
1 759484
1 25905
1 691105
1 379585
1 210361
2 519429
1 595693
1 344314
1 638014
1 602345
1 661633
1 847568
1 332193
1 257589
1 155299
1 449206
1 955641
2 379585
2 617927
1 341345
2 277561
1 515149
1 106533
1 589802
1 571441
1 741579
1 271583
1 161849
1 882081
1 622661
1 858283
1 683353
1 247125
1 108068
1 415025
1 393985
1 114241
1 941210
1 873609
1 184044
2 808911
1 677501
1 998625
1 858061
2 666125
1 792321
1 179809
1 818567
1 510753
1 136065
1 782381
1 579090
1 696689
1 670931
1 902177
1 202637
1 467641
2 184044
1 189725
2 523605
1 566273
1 395777
1 587961
2 407741
1 380053
1 537217
1 575263
1 755509
2 986417
1 860145
1 665458
1 678661
2 691105
1 997429
1 874457
1 959441
1 31233
1 403450
1 64773
1 972313
1 609345
1 108133
2 142329
1 275027
1 362681
1 270539
1 903491
1 803271
1 926657
1 235645
1 1525
2 582845
1 697345
1 740945
2 110393
1 49741
2 248765
1 672037
1 870433
1 262045
1 286529
1 199973
1 884252
1 121777
1 366459
1 941441
1 973365
2 874009
1 583153
1 259113
1 671843
1 734761
1 383509
2 693345
1 749013
1 776039
1 799169
1 269321
1 921089
1 132862
1 322121
1 333771
1 712385
1 248929
1 588425
1 930446
1 413745
1 585985
2 864079
1 533633
1 609553
1 178300
1 767591
1 201385
1 768223
1 376913
1 760513
1 699028
1 303321
1 215041
1 373889
2 249169
1 385209
1 470961
1 231007
1 465501
2 312696
1 391715
1 920449
2 36920
1 985041
1 114493
1 866323
1 738757
1 368385
1 713120
2 819271
1 798049
2 204181
1 120285
2 397425
1 764369
1 70425
1 611357
1 708958
1 718337
1 79017
1 923265
1 944965
1 770977
2 366239
2 148124
2 183405
2 45673
1 25168
2 285733
1 518037
1 874189
1 796945
1 656193
1 170241
1 686091
1 455789
1 176905
1 801369
1 49233
1 447969
2 826593
1 104371
1 677313
1 908473
1 849231
1 946125
2 352417
1 588449
1 378331
1 250027
1 705030
2 888513
2 531669
1 174977
1 55385
1 357633
1 695094
2 548961
1 261329
2 977749
1 12993
1 923225
1 169945
1 255631
2 581775
1 693261
1 993556
1 351933
1 275151
1 911105
1 143597
1 370753
1 80369
1 730009
1 568530
2 849231
1 481265
1 906209
1 768684
2 670931
1 384751
1 248695
1 890101
1 846273
1 259675
1 284154
2 518555
1 683
2 183691
1 974309
1 526884
1 724969
1 296577
1 139225
1 710145
1 560257
1 533185
1 939633
2 178281
1 463233
1 534758
1 970953
1 261212
1 261393
1 842137
1 637377
1 969125
1 57949
2 706126
2 54413
1 40101
1 161699
2 742977
1 182689
1 574717
1 383585
1 655073
1 505249
2 30025
1 187905
1 237329
1 504829
1 947143
2 406859
2 447556
2 580127
1 393265
1 159800
1 567101
1 235041
2 146189
1 869195
2 179809
1 498517
1 978689
1 943301
1 303489
2 333771
1 653729
1 667293
1 384669
1 848821
1 715503
1 688765
1 427085
1 778675
2 377959
1 717088
1 329921
2 40448
2 336625
1 126293
1 114933
2 535289
1 938113
1 102307
1 26449
1 502577
2 603553
1 792487
1 313441
1 688057
1 60653
1 572401
1 973597
1 5519
1 508701
1 90093
1 921501
1 204959
1 294559
1 28613
1 1405
2 366037
1 711049
1 124033
1 554241
1 104571
1 536145
2 934753
1 523233
1 118921
1 90649
1 859937
1 153710
1 477871
1 23157
1 299311
1 954425
1 865233
1 642601
1 604923
1 216464
1 667712
1 932801
1 348367
2 812793
1 571871
1 854033
1 683489
1 430273
1 64713
1 800119
1 352857
1 475569
1 204625
1 884673
1 49865
1 857249
1 825449
1 262315
1 698217
1 228085
1 145425
1 542081
1 333959
1 982565
1 753729
1 341217
1 553393
2 650273
1 279973
1 19766
2 948357
1 53075
1 499305
1 322715
2 77377
2 705971
1 867599
2 930689
1 229541
1 382945
1 656531
1 343757
1 257129
2 814383
1 500773
1 45969
1 918469
1 258086
1 563109
2 872587
1 834405
1 554647
2 980539
1 457655
2 343374
1 744806
1 429137
2 611649
1 583521
1 684223
1 631609
1 702277
1 497143
1 763693
1 905225
2 696689
1 720487
1 819977
2 5519
1 28494
1 210283
1 148065
1 460125
1 359961
1 255617
1 59977
2 392796
1 269041
1 115151
1 487185
2 451009
1 247789
1 326291
1 242689
1 222155
1 183923
1 737073
1 471941
1 957225
1 323523
1 374849
1 76553
1 47437
2 657741
1 636237
2 703453
1 971867
1 275649
1 322401
1 227899
1 442241
2 85905
1 575263
1 3537
1 605477
1 577593
1 653649
1 331129
1 950739
1 202329
1 815505
1 233571
1 997701
1 363243
1 754819
1 746945
1 125889
1 155769
1 522116
1 994641
1 218829
1 687297
1 489030
1 673729
1 972681
2 63909
1 266537
2 177873
1 540450
1 297057
1 408385
1 830539
1 875385
2 572633
1 632609
1 30209
1 883361
1 467301
2 77345
1 546537
1 975921
1 278753
2 454083
1 41549
1 449321
1 124429
1 254193
1 953313
1 628129
1 854513
1 229393
1 665021
1 596037
1 286977
1 339613
1 734209
1 634137
1 646946
1 804241
1 380881
1 493801
1 912841
1 343294
1 138977
1 617205
1 996401
1 67713
1 319601
1 162295
1 253557
1 853691
1 904881
2 670461
1 177493
1 850433
1 609521
1 774477
2 321507
1 973049
1 582651
1 989908
1 152385
1 881219
1 943599
1 891191
1 778078
1 710329
1 218184
2 237
1 97693
1 818257
1 153953
2 218817
1 557601
1 646101
1 52097
1 324443
1 635997
1 236974
1 782953
1 805437
1 673305
1 976929
1 838549
1 650343
1 106821
1 252282
1 583881
2 71733
1 609957
1 746977
1 125767
1 59398
1 4641
1 492627
1 273377
1 51011
1 661617
2 800273
1 358238
2 88801
1 728601
2 421298
2 404261
1 749017
1 35969
1 630597
1 445151
1 19025
1 70365
1 947074
1 519893
1 716033
2 56409
1 568944
1 940305
1 385303
1 289909
1 955997
1 648577
1 713496
2 985231
1 98718
2 627564
2 871331
1 458397
1 444145
1 366977
1 930183
1 833841
1 115825
2 137647
1 191057
1 699361
2 219933
2 691505
1 895041
1 441239
1 923927
1 344641
1 472522
1 881849
1 319361
1 448545
1 844497
1 444208
2 81061
1 549501
2 158720
1 731184
1 392529
1 710225
1 670909
2 197970
1 761901
1 216385
1 773481
1 944369
2 606348
2 256871
2 622433
1 605273
1 399329
1 596763
1 323413
1 903485
2 860881
2 760665
1 792881
1 874881
1 241153
1 421706
1 433069
1 729729
2 870433
1 777751
2 636476
1 572465
2 132929
1 731701
1 58
1 404970
1 884986
1 277449
2 277449
1 740535
1 548314
1 192961
2 761601
1 611499
1 66993
1 496809
2 973737
2 151919
1 334281
1 849833
1 957210
1 523467
1 970013
1 32401
1 953313
1 234416
1 43477
1 399353
1 453545
1 361977
1 214688
2 157697
1 16311
1 282229
2 952377
1 556028
1 784869
1 861897
1 530309
1 797779
1 713457
1 284774
1 593361
2 940073
2 310209
1 489094
1 332008
1 326857
1 9569
1 912777
1 34245
2 770049
1 536241
1 156250
1 136925
1 400798
1 693587
1 352577
1 806123
1 924129
2 881219
1 111105
1 436500
1 653046
1 606957
1 404641
1 789525
1 669721
2 393031
1 558045
2 518273
1 630890
1 438985
2 822523
1 877745
2 641025
1 967929
1 441873
2 392529
1 620529
1 781167
1 607297
1 714408
1 569753
1 336125
1 345725
2 764889
1 893845
2 694085
1 723026
1 968546
1 32687
2 632281
2 970953
1 812859
1 227057
2 670821
1 602663
2 744587
1 775165
1 462513
1 438745
1 762145
1 373597
1 262489
1 434379
1 530617
1 815309
2 486873
1 118703
1 623971
1 735441
1 699101
2 589145
1 110739
1 420946
1 724089
2 592901
1 360725
1 902223
1 212961
1 451665
2 634137
1 904023
1 360491
1 721855
1 329045
1 849736
2 132065
1 811409
1 105629
1 984961
1 990159
1 926457
1 749393
1 641343
1 851013
1 454454
2 292257
1 585901
1 480873
1 8289
2 265425
1 420169
1 319233
1 840172
1 392961
1 854961
1 870145
1 233409
1 835333
1 881539
1 937811
2 31233
1 370113
1 160811
1 71311
1 820389
1 293613
1 871407
1 214033
1 516594
1 598949
2 802173
1 632611
1 366905
1 517633
2 645573
1 316257
1 784509
1 880873
2 126293
1 523911
1 197013
1 8723
1 219953
1 540009
1 751589
1 632679
1 788353
1 415937
1 959997
1 687169
1 691223
1 492243
1 163804
2 487185
1 788417
1 721185
1 237219
1 224337
1 173625
1 910750
1 806519
1 352577
1 543125
1 293703
2 910377
1 930229
1 704821
1 295777
1 198463
1 581193
1 593589
1 733971
1 563777
1 48042
2 980103
1 744705
1 441157
1 737049
1 863673
1 570647
1 196129
1 736641
1 688184
1 849538
1 128185
1 675770
2 630213
2 871897
1 546685
1 876249
1 436585
1 66695
1 2857
1 709809
1 785465
1 443425
1 346985
2 472522
1 273
1 182849
1 94105
1 363649
1 910785
2 687649
1 255927
2 451465
1 15009
1 904961
1 510685
1 737169
1 684977
2 229713
1 94657
1 162345
2 807713
1 148201
1 328928
1 315077
1 762671
1 619153
1 514865
1 849
2 944369
1 895323
1 724977
2 725433
1 584841
1 95425
2 339613
1 616769
1 948642
1 253136
1 469283
1 970957
2 663145
1 650717
2 109203
1 470059
1 475778
1 345585
1 428865
1 385665
1 921837
1 475193
1 989125
2 263953
2 96263
2 73217
1 862885
1 780403
1 432433
2 253297
2 136177
1 861327
1 979521
1 476215
1 51833
2 257194
1 439231
1 714021
1 618809
1 817537
1 406377
2 158221
2 28223
2 986597
1 142497
1 886463
1 376481
2 371913
1 816833
1 73849
1 696663
1 30679
1 878709
1 927721
1 664783
1 812803
2 314837
1 113461
1 138377
2 573704
1 379141
1 137783
1 316543
1 84217
1 426692
1 868619
1 299793
2 672997
1 11489
1 79553
1 56809
2 912281
1 86313
2 563777
1 67927
1 769121
1 316271
1 552826
1 786289
2 726796
1 830913
2 610517
1 241562
1 505729
1 60421
1 252289
1 772289
1 574025
1 832897
1 508931
1 493965
1 137025
1 296092
1 982137
1 875077
1 78585
1 701517
1 616497
1 719256
2 159989
2 902143
1 349377
2 32561
1 238449
1 385267
1 258311
1 619333
1 909929
1 614523
1 323863
1 947469
1 115329
1 71053
1 479665
1 735293
1 883697
1 584349
1 816987
1 80353
1 808945
1 536053
2 533697
2 715503
1 995265
1 381919
1 331393
1 903029
1 929453
1 747517
1 312687
2 349371
1 154929
1 219393
2 803681
2 759697
2 713496
1 348044
1 891673
1 467375
1 822471
1 987363
1 682721
2 382345
1 479073
1 196849
1 95137
1 312471
1 814391
2 120561
1 645529
1 632929
1 728219
1 918361
1 504975
2 397651
2 34245
1 907615
1 311877
2 907873
1 196161
1 534111
1 107206
1 453393
1 405502
1 742859
1 595633
1 822989
1 174665
1 432899
1 119845
1 215945
1 218113
1 593009
1 805615
1 25223
1 15313
1 164609
2 904961
1 945425
1 920757
1 414071
1 801065
2 146873
1 270209
1 314868
1 361537
1 105345
1 35287
1 103073
1 244417
1 583257
1 542001
1 510168
1 11195
2 419011
1 160161
1 44369
1 187389
1 161441
1 305277
1 471169
2 867741
2 243177
1 39481
1 696829
1 603039
1 869435
1 521500
1 599141
1 448865
2 849736
1 333585
1 785821
1 268857
1 454721
1 184705
1 669329
2 708807
1 573468
1 989659
1 444961
2 274940
2 399376
2 643297
1 697329
1 31593
1 635649
1 105324
1 376929
2 479665
1 50881
1 450721
2 258753
2 749529
1 657263
1 404297
2 657263
1 112513
1 393435
1 230758
1 13393
1 490186
1 25563
1 85142
2 433350
1 559945
2 691223
1 717691
1 477005
1 215387
1 421131
1 96265
1 303513
2 588185
1 720970
1 389792
1 193281
1 736145
1 542961
1 299718
1 239889
1 543257
1 540390
2 988893
1 240713
1 167705
1 912675
1 734265
1 140029
1 179809
1 947969
1 336225
1 650445
1 464385
2 282814
1 19782
1 214617
2 490555
1 554937
2 696663
1 612005
1 24400
2 480896
1 187137
1 134401
2 566001
1 485051
1 334465
1 748905
1 97849
2 509591
1 781521
1 579041
1 565601
1 105213
2 196161
1 948561
1 469569
1 662704
1 187661
1 872733
1 928657
1 774705
1 326673
1 637641
1 627381
1 594337
2 931680
1 212481
2 24769
1 499259
1 311229
1 263961
1 892045
1 523391
1 11367
1 30629
1 180073
1 382457
1 499116
1 48412
2 619569
1 791653
1 20401
2 733971
1 994058
1 429949
1 1717
1 435009
1 53281
1 506341
1 718521
1 722329
1 831809
2 930865
1 953609
1 905761
1 69333
2 852633
1 348913
1 612373
1 321891
1 31963
1 193117
2 602345
1 122385
1 235605
1 634951
1 130721
1 488601
2 642369
2 717239
1 133146
1 632725
1 827633
1 33750
1 633041
1 8553
1 310573
1 98394
1 676777
1 233377
1 757153
1 597903
1 60491
1 892337
2 883785
1 918219
1 181280
1 869057
2 360491
1 623401
2 137329
1 738425
1 571789
1 906657
1 159397
1 114151
1 408905
1 351003
1 593049
2 226031
1 969233
1 419653
1 824957
1 762529
1 166337
1 988273
1 62105
1 629519
2 454118
2 478753
2 238449
2 256762
1 105613
2 314868
1 412989
1 430641
1 703649
2 50881
2 160161
2 405427
2 63649
2 128737
2 53281
1 537601
1 200325
1 920660
1 891788
1 487329
1 742081
1 46497
1 192709
1 457659
1 604363
1 933529
1 387425
1 815549
2 912385
2 697345
1 563617
1 861985
1 828505
1 544803
1 665777
1 267667
1 743489
1 165697
1 739026
2 77227
1 272129
1 569467
1 134099
1 621066
1 620435
1 519505
1 304637
2 906102
1 692046
1 799169
1 265105
2 151025
1 424801
1 973449
1 267260
1 812185
1 698041
2 161643
1 563777
1 498185
1 117713
1 342663
1 617056
1 337169
1 216918
1 887205
1 951290
1 207276
1 517073
1 31937
1 230231
1 732929
1 114031
2 818177
1 975829
1 240064
1 9001
1 816997
2 131690
1 155941
1 139221
1 649988
1 405011
2 85029
1 551431
1 550538
1 546113
2 363323
1 338137
2 67969
1 542833
1 646230
1 888795
1 966277
1 50377
1 89025
2 326531
1 718497
2 853569
1 532337
1 651273
1 453822
1 544647
1 585347
1 193127
1 548281
1 394769
1 183861
1 192897
1 233193
1 568681
1 458177
1 434473
2 332379
1 740881
1 228745
1 322625
1 732049
1 153465
1 954359
1 1905
1 852077
1 251641
1 46797
1 495385
1 557639
1 287055
2 741741
1 506503
1 585937
1 611895
1 283733
1 364137
1 448553
1 481025
1 449905
1 978441
1 874321
1 148849
1 202870
1 965161
1 223001
1 77506
1 881405
1 91851
1 633697
2 986477
1 718193
1 812703
1 433109
1 134297
1 41349
2 977221
1 298891
1 503409
2 732601
1 253055
2 863553
1 796678
1 968001
1 351953
1 198681
1 233757
1 395425
1 389042
1 408629
1 809833
1 841401
1 13105
1 914193
1 649786
1 688198
1 42273
1 26569
2 698483
1 757479
1 960961
1 827777
1 840657
2 374849
1 194113
1 954435
1 934739
1 250945
1 665449
1 540128
1 373337
1 875889
1 439017
1 291977
2 827493
1 462657
1 334181
1 514553
1 115578
1 798689
1 128833
1 204735
1 208457
1 316159
1 234265
1 260353
1 391849
1 172409
1 900413
1 504257
1 617377
1 647653
1 187193
1 489839
1 63041
1 576725
1 297169
1 594836
1 702805
2 702045
2 907154
1 721649
1 8301
1 262637
1 994545
1 309825
2 563938
1 433025
1 143151
1 895889
1 768801
1 609537
1 213337
1 568729
1 884117
1 22485
1 398202
1 644679
1 680545
1 298457
1 21663
1 139336
1 799701
1 918849
1 277092
1 347649
1 26169
1 796857
1 307917
2 854657
1 271202
1 874615
1 157265
1 511937
1 553523
1 927951
1 230037
1 227433
1 617963
1 440513
1 299040
1 433057
1 647025
1 896477
1 470729
1 769069
1 929493
1 546661
1 982785
1 15905
1 239143
1 87553
1 536865
1 769635
1 153795
2 787387
1 269041
1 253713
2 790845
1 525505
1 234029
1 122571
2 906215
1 803493
1 957249
1 899731
2 83385
1 633033
1 251373
1 744633
1 177353
1 508005
1 993057
1 260313
1 898363
1 794525
2 545457
1 736793
1 591041
1 374321
1 294792
1 377377
1 595649
1 45441
1 515217
1 447441
2 682721
1 887273
2 493505
1 473709
1 78281
1 940909
1 504417
1 167105
1 845537
1 411625
1 464287
1 273661
1 995061
1 128961
1 153234
1 222309
1 124989
1 520001
1 470589
1 921005
1 455921
1 329649
1 443541
1 929601
1 159537
1 949841
1 618099
1 204059
1 352305
1 225127
1 965495
1 357337
1 589061
1 679553
1 601817
1 381749
1 251169
1 211293
1 676297
1 125949
1 523409
1 372553
1 533813
1 862657
1 393249
1 983297
1 703293
1 524885
1 388817
1 428691
1 506121
1 117422
1 300745
1 34097
1 21612
1 892625
1 381171
1 705747
2 153234
1 933377
