2 415495
2 691707
2 543050
2 299181
2 127077
2 175425
2 833281
2 579073
2 156505
2 123743
2 676499
2 204065
2 846618
2 510033
2 668851
2 599175
2 433553
2 838371
2 424397
2 427553
2 957395
2 883549
2 258593
2 595470
2 146389
2 419241
2 358409
2 376755
2 822257
2 705510
2 992385
2 983754
2 260025
2 836533
2 137693
2 538551
2 43505
2 915049
2 712974
2 47919
2 596281
2 347089
2 632641
2 196977
2 542597
2 490319
2 466595
2 89981
2 574865
2 331412
2 306917
2 107323
2 468879
2 573605
2 668332
2 787477
2 144625
2 480321
2 985741
2 583959
2 322491
2 619630
2 598824
2 392769
2 248961
2 827185
2 853365
2 370941
2 158867
2 443673
2 267565
2 771297
2 462581
2 602699
2 627047
2 575873
2 623629
2 319333
2 701905
2 502310
2 289809
2 611841
2 253771
2 498489
2 183166
2 65393
2 762673
2 916400
2 210773
