2 27217
2 446169
2 303817
2 20517
2 551745
2 469121
2 49073
2 785221
2 230529
2 423613
2 850257
2 114241
2 951145
2 311109
2 71930
2 674881
2 571257
2 547441
2 445564
2 354103
2 180795
2 60062
2 783227
2 211685
2 454393
2 795991
2 122305
2 845693
2 840115
2 629321
2 926265
2 864785
2 814441
2 687233
2 807463
2 202703
2 386937
2 416162
2 461640
2 13553
2 305777
2 996284
2 825008
2 251521
2 764825
2 607521
2 213767
2 325629
2 302015
2 779137
2 353209
2 279961
2 789441
2 157448
2 805345
2 982327
2 977329
2 279153
2 445905
2 184977
2 692945
2 972105
2 738191
2 774983
2 757809
2 620273
2 306049
2 637902
2 986817
2 338017
2 143132
2 573169
2 482433
2 703369
2 18033
2 20289
2 493090
2 468001
2 709203
2 880393
2 319253
2 732314
2 172817
2 185277
2 29005
2 273567
2 861985
2 342182
2 624349
2 952617
2 58121
2 738639
2 897561
2 71296
2 879601
2 901087
2 504275
2 173885
2 635956
2 302552
2 665393
2 549706
2 224817
2 304199
2 810913
2 615825
2 737685
2 170076
2 501705
2 628129
2 327421
2 813309
2 503017
2 881457
2 798603
2 744968
2 112833
2 178555
2 79491
2 375861
2 587009
2 415921
2 448997
2 492901
2 573296
2 911463
2 436847
2 213297
2 79401
2 147801
2 68785
2 273953
2 497921
2 856141
2 479533
2 529241
2 836417
2 587994
2 542116
2 184549
2 162177
2 280467
2 46825
2 737602
2 506685
2 341599
2 448961
2 21409
2 699466
2 318305
2 117809
2 657021
2 608769
2 432350
2 953263
2 595597
2 517000
2 574785
2 451971
2 69249
2 607089
2 247685
2 502551
2 562399
2 360709
2 279737
2 22529
2 326377
2 173121
2 481445
2 738721
2 527745
2 982517
2 911285
2 778440
2 201105
2 933473
2 351745
2 350405
2 900147
2 689694
2 96044
2 176157
2 679824
2 351200
2 117697
2 350199
2 539039
2 571649
2 635406
2 668145
2 665321
2 522793
2 130913
2 774405
2 158629
2 746041
2 993979
2 639711
2 48296
2 706640
2 569505
2 172179
2 522769
2 735785
2 573805
2 807429
2 490861
2 282945
2 296009
2 91073
2 817921
2 88593
2 73520
2 800983
2 81473
2 555617
2 753783
2 974037
2 50689
2 259649
2 303852
2 183409
2 112553
2 904015
2 719293
2 424721
2 935243
2 30997
2 462941
2 684641
2 500461
2 3341
2 650689
2 593341
2 177073
2 901263
2 526973
2 3711
2 285377
2 273441
2 6873
2 492121
2 604425
2 517117
2 994073
2 155911
2 105244
2 811387
2 355425
2 18993
2 610113
2 685095
2 54982
2 996068
2 961315
2 3421
2 479153
2 121653
2 381221
2 334914
2 504865
2 486869
2 933969
2 73833
2 343985
2 262749
2 764850
2 121575
2 932475
2 834705
2 507909
2 258401
2 961931
2 647465
2 495121
2 558777
2 333313
2 68097
2 823681
2 477193
2 18929
2 242231
2 789443
2 737173
2 828529
2 575127
2 13500
2 26999
2 431697
2 484604
2 24373
2 281741
2 552065
2 909619
2 213301
2 719169
2 622653
2 963217
2 866945
2 923750
2 295029
2 541714
2 228525
2 269889
2 781734
2 180682
2 298333
2 836707
2 900029
2 707009
2 229441
2 321025
2 360985
2 651585
2 686117
2 954021
2 185357
2 185877
2 88591
2 247290
2 842385
2 269409
2 370113
2 383297
2 788565
2 300133
2 173667
2 122179
2 351373
2 574177
2 271175
2 908985
2 18489
2 573633
2 853633
2 327492
2 274251
2 911555
2 715749
2 243935
2 197908
2 816915
2 364041
2 419033
2 301005
2 129281
2 722263
2 33802
2 39425
2 643817
2 439681
2 588577
2 974505
2 420637
2 861471
2 858489
2 730049
2 407265
2 866537
2 181633
2 271613
2 85518
2 214217
2 812166
2 750950
2 925697
2 373603
2 829047
2 877533
2 746429
2 33188
2 481050
2 530953
2 882977
2 991725
2 260785
2 436577
2 308865
2 770217
2 757321
2 167745
2 158369
2 634225
2 482497
2 827217
2 101901
2 233057
2 799332
2 244545
2 871921
2 736011
2 366401
2 427815
2 45127
2 230357
2 887725
2 183489
2 287329
2 629953
2 717393
2 366759
2 157477
2 857473
2 553337
2 32869
2 488161
2 18535
2 700227
2 900523
2 341217
2 248551
2 853793
2 232313
2 335461
2 849637
2 165976
2 12723
2 83177
2 147201
2 179561
2 988697
2 395053
2 203122
2 15304
2 728641
2 394759
2 76833
2 774421
2 812094
2 315197
2 91575
2 454241
2 94005
2 376309
2 83373
2 82705
2 143663
2 358233
2 418817
2 759919
2 110716
2 493418
2 343661
2 326287
2 31205
2 359873
2 533665
2 72181
2 164025
2 509897
2 232733
2 202915
2 505945
2 409792
2 292477
2 751297
2 921677
2 359251
2 893679
2 615857
2 873325
2 401913
2 888649
2 320517
2 44353
2 822102
2 587769
2 451793
2 774661
2 580544
2 75649
2 36657
2 735995
2 461009
2 281399
2 118113
2 279105
2 901361
2 639601
2 984239
2 805169
2 60111
2 137045
2 271429
2 153815
2 106435
2 864447
2 839297
2 752290
2 214512
2 959308
2 73281
2 621457
2 473329
2 788097
2 652817
2 147113
2 233465
2 682689
2 574611
2 160353
2 562225
2 359541
2 531398
2 563153
2 152881
2 34450
2 443748
2 178369
2 997251
2 57783
2 670645
2 455519
2 903041
2 975953
2 861473
2 877513
2 615227
2 446977
2 340393
2 90389
2 469175
2 734937
2 269937
2 439883
2 176749
2 770643
2 947955
2 391569
2 168001
2 737541
2 460802
2 52060
2 172429
2 507497
2 610954
2 615113
2 524091
2 618641
2 134625
2 357998
2 399925
2 876577
2 47904
2 245605
2 984901
2 344244
2 145151
2 9785
2 180745
2 688213
2 875541
2 926945
2 537617
2 988377
2 533521
2 143387
2 794309
2 527617
2 302165
2 757253
2 977874
2 572449
2 987105
2 812857
2 861665
2 987057
2 442333
2 770313
2 456129
2 848223
2 455065
2 934591
2 966885
2 610761
2 531783
2 400327
2 939249
2 48429
2 54977
2 592001
2 795196
2 45273
2 493409
2 157790
2 846961
2 904347
2 789865
2 794971
2 617666
2 557027
2 808507
2 367026
2 671313
2 609713
2 584577
2 203916
2 903798
2 119585
2 362401
2 438617
2 515409
2 753505
2 129825
2 478941
2 440729
2 147809
2 972385
2 305677
2 194209
2 657213
2 571941
2 717073
2 770872
2 826178
2 854337
2 160085
2 484819
2 824705
2 521953
2 726297
2 384369
2 970540
2 441302
2 111081
2 315855
2 427425
2 185041
2 97305
2 296067
2 59745
2 84127
2 830601
2 620953
2 496953
2 113789
2 814249
2 749889
2 965405
2 586721
2 52615
2 753893
2 472713
2 519715
2 279057
2 536929
2 411721
2 873325
2 245525
2 430257
2 179529
2 403191
2 736915
2 48673
2 537889
2 846607
2 754111
2 777057
2 649729
2 941857
2 757429
2 401349
2 162353
2 572225
2 800993
2 558542
2 148199
2 874929
2 552541
2 930161
2 374417
2 90122
2 798305
2 571651
2 86089
2 699245
2 987025
2 504017
2 431881
2 781921
2 684665
2 379671
2 709453
2 509130
2 809058
2 585641
2 609541
2 739407
2 879811
2 188153
2 474073
2 174919
2 460209
2 206017
2 913969
2 505361
2 644034
2 351334
2 902765
2 404069
2 576846
2 518673
2 957761
2 460461
2 385249
2 244987
2 815316
2 248339
2 344909
2 168703
2 60001
2 431131
2 1
2 174807
2 128035
2 773097
2 847473
2 874145
2 24433
2 931391
2 507565
2 809641
2 3217
2 161897
2 645187
2 708209
2 270613
2 147185
2 459867
2 483404
2 834065
2 662925
2 154925
2 989185
2 357101
2 109521
2 209033
2 391677
2 216475
2 465881
2 985013
2 369946
2 662921
2 955763
2 661529
2 637041
2 133757
2 519473
2 755777
2 277251
2 244317
2 633021
2 344673
2 919993
2 776339
2 716753
2 29100
2 737081
2 460609
2 880829
2 878719
2 919851
2 400489
2 519429
2 379585
2 617927
2 277561
2 808911
2 666125
2 184044
2 523605
2 407741
2 986417
2 691105
2 142329
2 582845
2 110393
2 248765
2 874009
2 693345
2 864079
2 249169
2 312696
2 36920
2 819271
2 204181
2 397425
2 366239
2 148124
2 183405
2 45673
2 285733
2 826593
2 352417
2 888513
2 531669
2 548961
2 977749
2 581775
2 849231
2 670931
2 518555
2 183691
2 178281
2 706126
2 54413
2 742977
2 30025
2 406859
2 447556
2 580127
2 146189
2 179809
2 333771
2 377959
2 40448
2 336625
2 535289
2 603553
2 366037
2 934753
2 812793
2 650273
2 948357
2 77377
2 705971
2 930689
2 814383
2 872587
2 980539
2 343374
2 611649
2 696689
2 5519
2 392796
2 451009
2 657741
2 703453
2 85905
2 63909
2 177873
2 572633
2 77345
2 454083
2 670461
2 321507
2 237
2 218817
2 71733
2 800273
2 88801
2 421298
2 404261
2 56409
2 985231
2 627564
2 871331
2 137647
2 219933
2 691505
2 81061
2 158720
2 197970
2 606348
2 256871
2 622433
2 860881
2 760665
2 870433
2 636476
2 132929
2 277449
2 761601
2 973737
2 151919
2 157697
2 952377
2 940073
2 310209
2 770049
2 881219
2 393031
2 518273
2 822523
2 641025
2 392529
2 764889
2 694085
2 632281
2 970953
2 670821
2 744587
2 486873
2 589145
2 592901
2 634137
2 132065
2 292257
2 265425
2 31233
2 802173
2 645573
2 126293
2 487185
2 910377
2 980103
2 630213
2 871897
2 472522
2 687649
2 451465
2 229713
2 807713
2 944369
2 725433
2 339613
2 663145
2 109203
2 263953
2 96263
2 73217
2 253297
2 136177
2 257194
2 158221
2 28223
2 986597
2 371913
2 314837
2 573704
2 672997
2 912281
2 563777
2 726796
2 610517
2 159989
2 902143
2 32561
2 533697
2 715503
2 349371
2 803681
2 759697
2 713496
2 382345
2 120561
2 397651
2 34245
2 907873
2 904961
2 146873
2 419011
2 867741
2 243177
2 849736
2 708807
2 274940
2 399376
2 643297
2 479665
2 258753
2 749529
2 657263
2 433350
2 691223
2 588185
2 988893
2 282814
2 490555
2 696663
2 480896
2 566001
2 509591
2 196161
2 931680
2 24769
2 619569
2 733971
2 930865
2 852633
2 602345
2 642369
2 717239
2 883785
2 360491
2 137329
2 226031
2 454118
2 478753
2 238449
2 256762
2 314868
2 50881
2 160161
2 405427
2 63649
2 128737
2 53281
2 912385
2 697345
2 77227
2 906102
2 151025
2 161643
2 818177
2 131690
2 85029
2 363323
2 67969
2 326531
2 853569
2 332379
2 741741
2 986477
2 977221
2 732601
2 863553
2 698483
2 374849
2 827493
2 702045
2 907154
2 563938
2 854657
2 787387
2 790845
2 906215
2 83385
2 545457
2 682721
2 493505
2 153234
